Números sorteados - LOTOFACIL
========================================

Concurso: 3339 Data: 11/03/2025 Dezenas: 03 04 05 09 10 11 12 13 14 16 17 19 21 24 25
Concurso: 3338 Data: 10/03/2025 Dezenas: 01 02 04 06 07 09 10 13 14 15 16 18 21 24 25
Concurso: 3337 Data: 08/03/2025 Dezenas: 01 03 04 05 07 08 10 11 14 15 16 18 19 23 24
Concurso: 3336 Data: 07/03/2025 Dezenas: 01 05 06 07 11 14 15 16 17 19 20 21 22 23 25
Concurso: 3335 Data: 06/03/2025 Dezenas: 01 02 03 05 07 08 09 11 12 15 17 18 19 20 25
Concurso: 3334 Data: 05/03/2025 Dezenas: 02 03 04 06 08 11 14 15 16 17 19 20 22 23 25
Concurso: 3333 Data: 01/03/2025 Dezenas: 01 03 04 05 08 09 11 13 15 19 20 21 22 24 25
Concurso: 3332 Data: 28/02/2025 Dezenas: 01 04 05 06 07 08 09 11 15 16 17 18 19 20 21
Concurso: 3331 Data: 27/02/2025 Dezenas: 03 05 06 07 08 09 10 11 12 15 17 18 21 23 25
Concurso: 3330 Data: 26/02/2025 Dezenas: 01 02 07 09 10 12 13 14 15 18 21 22 23 24 25
Concurso: 3329 Data: 25/02/2025 Dezenas: 01 03 04 05 08 11 12 13 15 16 19 22 23 24 25
Concurso: 3328 Data: 24/02/2025 Dezenas: 01 02 04 05 06 07 10 13 14 15 17 19 21 22 23
Concurso: 3327 Data: 22/02/2025 Dezenas: 02 09 10 11 13 14 15 16 17 19 20 21 22 23 24
Concurso: 3326 Data: 21/02/2025 Dezenas: 01 02 03 06 10 11 12 13 15 16 19 20 21 22 23
Concurso: 3325 Data: 20/02/2025 Dezenas: 01 03 04 06 07 10 12 14 17 18 20 22 23 24 25
Concurso: 3324 Data: 19/02/2025 Dezenas: 02 03 04 06 07 10 11 12 13 14 15 16 20 22 24
Concurso: 3323 Data: 18/02/2025 Dezenas: 03 04 05 06 08 09 11 14 16 19 20 21 22 23 24
Concurso: 3322 Data: 17/02/2025 Dezenas: 02 03 06 07 08 09 10 11 13 14 15 16 17 22 23
Concurso: 3321 Data: 15/02/2025 Dezenas: 02 04 07 08 10 11 12 15 16 17 18 20 22 24 25
Concurso: 3320 Data: 14/02/2025 Dezenas: 02 03 04 05 06 08 09 12 15 17 18 19 22 24 25
Concurso: 3319 Data: 13/02/2025 Dezenas: 01 04 05 06 07 14 15 16 17 19 20 21 22 23 25
Concurso: 3318 Data: 12/02/2025 Dezenas: 01 03 06 09 10 11 12 13 14 15 19 20 22 24 25
Concurso: 3317 Data: 11/02/2025 Dezenas: 01 02 03 04 05 06 11 12 13 14 18 20 21 22 25
Concurso: 3316 Data: 10/02/2025 Dezenas: 02 03 07 10 11 14 15 16 17 18 20 21 22 23 25
Concurso: 3315 Data: 08/02/2025 Dezenas: 02 03 04 06 07 08 09 11 12 14 17 18 21 24 25
Concurso: 3314 Data: 07/02/2025 Dezenas: 01 02 03 05 06 07 08 10 13 14 15 17 19 22 25
Concurso: 3313 Data: 06/02/2025 Dezenas: 01 04 05 06 07 09 11 13 14 16 17 18 19 20 24
Concurso: 3312 Data: 05/02/2025 Dezenas: 01 02 03 04 05 06 08 09 13 15 16 17 20 21 25
Concurso: 3311 Data: 04/02/2025 Dezenas: 02 03 04 05 06 09 10 11 12 14 17 19 20 22 24
Concurso: 3310 Data: 03/02/2025 Dezenas: 01 02 04 05 06 07 10 12 13 16 18 19 20 21 24
Concurso: 3309 Data: 01/02/2025 Dezenas: 02 03 05 09 10 11 13 14 15 18 19 21 22 23 25
Concurso: 3308 Data: 31/01/2025 Dezenas: 01 06 07 08 10 11 12 13 14 15 16 18 23 24 25
Concurso: 3307 Data: 30/01/2025 Dezenas: 01 05 08 09 10 11 12 16 18 19 21 22 23 24 25
Concurso: 3306 Data: 29/01/2025 Dezenas: 04 05 06 08 09 10 11 14 15 17 18 19 21 22 24
Concurso: 3305 Data: 28/01/2025 Dezenas: 03 04 05 07 08 09 12 13 17 19 20 21 23 24 25
Concurso: 3304 Data: 27/01/2025 Dezenas: 01 03 04 05 07 09 10 11 12 14 15 19 20 21 23
Concurso: 3303 Data: 25/01/2025 Dezenas: 02 03 04 05 06 07 08 13 16 18 20 21 22 23 24
Concurso: 3302 Data: 24/01/2025 Dezenas: 01 02 03 05 06 08 09 10 11 12 13 15 19 24 25
Concurso: 3301 Data: 23/01/2025 Dezenas: 03 04 05 07 08 10 11 14 15 18 19 20 22 24 25
Concurso: 3300 Data: 22/01/2025 Dezenas: 02 03 04 05 08 11 12 14 15 16 18 21 22 24 25
Concurso: 3299 Data: 21/01/2025 Dezenas: 01 02 03 06 07 09 10 13 14 15 17 20 22 24 25
Concurso: 3298 Data: 20/01/2025 Dezenas: 01 03 04 06 07 10 11 15 17 18 19 20 21 22 24
Concurso: 3297 Data: 18/01/2025 Dezenas: 05 06 07 09 10 12 13 15 17 20 21 22 23 24 25
Concurso: 3296 Data: 17/01/2025 Dezenas: 01 02 05 06 08 10 11 13 15 17 18 19 20 21 22
Concurso: 3295 Data: 16/01/2025 Dezenas: 01 02 03 05 07 08 10 11 13 16 17 20 21 22 25
Concurso: 3294 Data: 15/01/2025 Dezenas: 01 02 06 09 10 12 13 16 17 18 19 20 22 24 25
Concurso: 3293 Data: 14/01/2025 Dezenas: 02 03 07 09 10 11 12 15 16 18 19 20 22 24 25
Concurso: 3292 Data: 13/01/2025 Dezenas: 01 03 05 06 08 09 10 12 13 17 18 19 21 24 25
Concurso: 3291 Data: 11/01/2025 Dezenas: 01 03 04 05 06 07 10 12 14 15 16 17 18 20 23
Concurso: 3290 Data: 10/01/2025 Dezenas: 01 04 07 08 11 12 13 14 15 17 18 19 21 24 25
Concurso: 3289 Data: 09/01/2025 Dezenas: 01 02 04 05 07 09 11 13 14 16 19 20 21 22 24
Concurso: 3288 Data: 08/01/2025 Dezenas: 01 02 03 04 06 08 09 10 11 12 13 14 18 22 24
Concurso: 3287 Data: 07/01/2025 Dezenas: 01 02 03 04 06 11 12 13 14 15 16 20 22 23 25
Concurso: 3286 Data: 06/01/2025 Dezenas: 01 04 05 06 07 08 11 13 14 18 20 21 23 24 25
Concurso: 3285 Data: 04/01/2025 Dezenas: 01 03 04 06 07 09 10 11 13 14 15 17 20 23 24
Concurso: 3284 Data: 03/01/2025 Dezenas: 03 04 05 06 08 14 16 17 18 19 20 21 22 24 25
Concurso: 3283 Data: 02/01/2025 Dezenas: 09 10 11 13 14 15 16 17 18 19 21 22 23 24 25
Concurso: 3282 Data: 31/12/2024 Dezenas: 06 07 08 09 10 11 12 16 17 18 19 21 22 24 25
Concurso: 3281 Data: 30/12/2024 Dezenas: 03 05 06 08 09 11 12 13 14 16 17 21 22 23 24
Concurso: 3280 Data: 28/12/2024 Dezenas: 02 04 05 08 10 11 12 14 15 17 18 20 22 24 25
Concurso: 3279 Data: 27/12/2024 Dezenas: 02 04 05 07 09 10 14 17 18 19 21 22 23 24 25
Concurso: 3278 Data: 26/12/2024 Dezenas: 05 06 07 08 11 12 13 17 18 19 20 21 22 24 25
Concurso: 3277 Data: 24/12/2024 Dezenas: 01 03 07 08 09 10 11 13 15 16 18 20 21 24 25
Concurso: 3276 Data: 23/12/2024 Dezenas: 02 04 05 07 08 09 10 13 14 15 16 19 20 22 24
Concurso: 3275 Data: 21/12/2024 Dezenas: 03 04 05 06 09 10 11 13 14 15 19 20 22 23 24
Concurso: 3274 Data: 20/12/2024 Dezenas: 01 02 03 04 05 07 08 11 14 16 19 20 23 24 25
Concurso: 3273 Data: 19/12/2024 Dezenas: 02 04 06 07 08 10 12 15 16 17 21 22 23 24 25
Concurso: 3272 Data: 18/12/2024 Dezenas: 01 02 03 06 07 08 10 13 14 15 16 18 22 23 25
Concurso: 3271 Data: 17/12/2024 Dezenas: 01 04 05 07 08 09 10 11 13 15 16 18 21 23 25
Concurso: 3270 Data: 16/12/2024 Dezenas: 01 02 03 05 06 09 10 12 14 16 17 18 19 22 25
Concurso: 3269 Data: 14/12/2024 Dezenas: 02 04 05 07 08 10 11 12 14 16 18 19 21 23 24
Concurso: 3268 Data: 13/12/2024 Dezenas: 01 02 06 07 10 11 12 14 16 17 18 20 23 24 25
Concurso: 3267 Data: 12/12/2024 Dezenas: 01 03 04 05 08 10 11 13 15 18 19 20 22 23 24
Concurso: 3266 Data: 11/12/2024 Dezenas: 01 03 04 05 06 09 10 11 12 13 14 16 17 20 23
Concurso: 3265 Data: 10/12/2024 Dezenas: 02 03 05 06 07 08 10 13 15 16 17 19 20 23 24
Concurso: 3264 Data: 09/12/2024 Dezenas: 03 04 05 06 07 09 10 11 13 14 16 20 21 23 25
Concurso: 3263 Data: 07/12/2024 Dezenas: 02 04 06 08 11 13 14 15 16 17 19 20 21 22 24
Concurso: 3262 Data: 06/12/2024 Dezenas: 01 03 06 07 08 09 10 12 13 14 15 18 19 20 24
Concurso: 3261 Data: 05/12/2024 Dezenas: 03 04 05 06 07 08 10 11 12 14 15 16 21 24 25
Concurso: 3260 Data: 04/12/2024 Dezenas: 01 02 04 06 11 14 15 16 17 18 21 22 23 24 25
Concurso: 3259 Data: 03/12/2024 Dezenas: 01 03 04 06 08 09 10 11 12 14 15 18 22 23 25
Concurso: 3258 Data: 02/12/2024 Dezenas: 02 03 04 05 07 09 10 11 12 13 19 20 21 23 25
Concurso: 3257 Data: 30/11/2024 Dezenas: 01 02 03 05 06 08 09 10 11 13 14 16 19 22 25
Concurso: 3256 Data: 29/11/2024 Dezenas: 01 02 03 06 09 10 11 13 14 15 16 18 19 21 24
Concurso: 3255 Data: 28/11/2024 Dezenas: 01 02 05 06 07 08 09 10 12 16 19 20 21 24 25
Concurso: 3254 Data: 27/11/2024 Dezenas: 03 04 05 06 07 08 10 11 16 17 18 19 21 22 24
Concurso: 3253 Data: 26/11/2024 Dezenas: 01 03 09 11 12 13 15 17 18 19 20 21 23 24 25
Concurso: 3252 Data: 25/11/2024 Dezenas: 05 08 10 11 12 14 15 16 17 18 20 21 23 24 25
Concurso: 3251 Data: 23/11/2024 Dezenas: 01 02 03 06 07 08 09 10 16 17 18 19 20 21 23
Concurso: 3250 Data: 22/11/2024 Dezenas: 01 02 03 04 07 08 09 10 11 12 13 14 19 22 23
Concurso: 3249 Data: 21/11/2024 Dezenas: 01 03 05 06 07 08 10 11 12 13 14 16 20 21 22
Concurso: 3248 Data: 19/11/2024 Dezenas: 01 03 04 05 06 08 10 11 12 14 16 18 19 20 25
Concurso: 3247 Data: 18/11/2024 Dezenas: 02 06 08 10 11 12 14 15 16 18 19 21 22 23 25
Concurso: 3246 Data: 16/11/2024 Dezenas: 04 06 07 08 10 14 15 16 19 20 21 22 23 24 25
Concurso: 3245 Data: 14/11/2024 Dezenas: 01 03 04 05 06 09 13 15 18 19 20 21 23 24 25
Concurso: 3244 Data: 13/11/2024 Dezenas: 01 02 03 04 06 07 09 10 12 14 15 16 17 19 25
Concurso: 3243 Data: 12/11/2024 Dezenas: 01 05 07 08 09 10 11 12 14 17 20 22 23 24 25
Concurso: 3242 Data: 11/11/2024 Dezenas: 01 02 03 05 07 10 12 15 16 17 18 20 21 23 25
Concurso: 3241 Data: 09/11/2024 Dezenas: 02 04 05 07 08 10 12 13 14 16 18 22 23 24 25
Concurso: 3240 Data: 08/11/2024 Dezenas: 02 03 05 08 09 11 12 13 14 15 17 18 20 22 23
Concurso: 3239 Data: 07/11/2024 Dezenas: 02 03 04 07 08 09 10 11 14 15 16 17 18 22 24
Concurso: 3238 Data: 06/11/2024 Dezenas: 01 04 05 09 10 11 13 14 16 17 18 20 21 22 24
Concurso: 3237 Data: 05/11/2024 Dezenas: 01 02 05 06 07 09 10 11 13 16 18 20 21 23 24
Concurso: 3236 Data: 04/11/2024 Dezenas: 01 09 10 11 12 13 15 16 17 18 20 22 23 24 25
Concurso: 3235 Data: 01/11/2024 Dezenas: 02 03 06 07 10 11 12 15 16 17 19 20 21 22 24
Concurso: 3234 Data: 31/10/2024 Dezenas: 05 06 09 10 11 12 14 16 17 18 19 21 22 23 24
Concurso: 3233 Data: 30/10/2024 Dezenas: 02 03 04 05 06 07 11 14 15 16 19 20 21 23 24
Concurso: 3232 Data: 29/10/2024 Dezenas: 01 04 05 06 07 09 10 12 13 14 16 17 20 22 25
Concurso: 3231 Data: 28/10/2024 Dezenas: 01 02 03 04 05 06 09 16 18 19 20 22 23 24 25
Concurso: 3230 Data: 26/10/2024 Dezenas: 01 03 04 05 06 09 10 11 12 13 16 19 20 21 22
Concurso: 3229 Data: 25/10/2024 Dezenas: 01 04 07 08 10 11 12 13 14 17 19 20 22 23 25
Concurso: 3228 Data: 24/10/2024 Dezenas: 04 05 06 07 08 09 10 11 12 16 19 20 21 23 25
Concurso: 3227 Data: 23/10/2024 Dezenas: 01 04 05 06 07 08 09 12 13 14 15 17 19 20 21
Concurso: 3226 Data: 22/10/2024 Dezenas: 01 02 03 04 06 08 09 11 12 14 15 18 19 20 22
Concurso: 3225 Data: 21/10/2024 Dezenas: 01 02 03 04 08 11 12 15 16 17 18 20 21 22 25
Concurso: 3224 Data: 19/10/2024 Dezenas: 01 02 03 05 06 08 10 14 16 17 18 20 22 23 25
Concurso: 3223 Data: 18/10/2024 Dezenas: 01 03 06 07 08 09 12 13 16 18 19 20 22 23 25
Concurso: 3222 Data: 17/10/2024 Dezenas: 01 02 06 07 08 09 12 15 16 18 19 20 21 23 24
Concurso: 3221 Data: 16/10/2024 Dezenas: 01 02 04 05 06 08 10 11 13 15 16 20 21 23 24
Concurso: 3220 Data: 15/10/2024 Dezenas: 01 03 04 06 07 09 10 11 13 15 17 18 19 20 22
Concurso: 3219 Data: 14/10/2024 Dezenas: 01 08 09 10 12 13 14 16 18 19 20 22 23 24 25
Concurso: 3218 Data: 11/10/2024 Dezenas: 02 03 04 05 06 08 13 15 16 17 20 21 23 24 25
Concurso: 3217 Data: 10/10/2024 Dezenas: 02 03 04 05 06 08 09 10 11 16 18 21 22 24 25
Concurso: 3216 Data: 09/10/2024 Dezenas: 01 03 04 06 08 09 10 11 12 13 15 16 19 20 25
Concurso: 3215 Data: 08/10/2024 Dezenas: 04 05 06 07 08 10 11 13 14 15 16 17 20 22 24
Concurso: 3214 Data: 07/10/2024 Dezenas: 02 03 05 07 08 10 11 13 15 18 19 22 23 24 25
Concurso: 3213 Data: 05/10/2024 Dezenas: 01 02 04 07 08 09 10 11 13 16 19 20 21 22 25
Concurso: 3212 Data: 04/10/2024 Dezenas: 01 04 06 07 10 12 14 15 16 18 19 21 22 23 25
Concurso: 3211 Data: 03/10/2024 Dezenas: 01 02 03 05 12 13 15 16 17 18 19 21 22 23 25
Concurso: 3210 Data: 02/10/2024 Dezenas: 01 03 04 07 09 10 12 16 17 18 19 20 21 24 25
Concurso: 3209 Data: 01/10/2024 Dezenas: 01 02 03 04 07 09 10 11 14 15 16 17 19 20 24
Concurso: 3208 Data: 30/09/2024 Dezenas: 01 06 08 09 10 12 13 14 15 16 18 19 20 22 25
Concurso: 3207 Data: 28/09/2024 Dezenas: 01 02 03 04 06 08 09 11 12 13 15 17 18 20 23
Concurso: 3206 Data: 27/09/2024 Dezenas: 04 05 07 09 10 13 14 15 16 19 20 21 23 24 25
Concurso: 3205 Data: 26/09/2024 Dezenas: 01 03 04 07 08 10 12 13 16 17 19 21 23 24 25
Concurso: 3204 Data: 25/09/2024 Dezenas: 02 03 05 06 11 12 13 16 17 18 19 20 21 22 23
Concurso: 3203 Data: 24/09/2024 Dezenas: 02 03 04 05 10 11 12 15 17 18 19 20 22 24 25
Concurso: 3202 Data: 23/09/2024 Dezenas: 03 04 06 08 10 11 12 14 15 17 18 19 22 23 25
Concurso: 3201 Data: 21/09/2024 Dezenas: 02 04 05 06 08 10 11 13 19 20 21 22 23 24 25
Concurso: 3200 Data: 20/09/2024 Dezenas: 01 02 04 05 06 08 10 12 14 16 17 19 22 23 25
Concurso: 3199 Data: 19/09/2024 Dezenas: 01 02 04 08 10 11 13 14 15 20 21 22 23 24 25
Concurso: 3198 Data: 18/09/2024 Dezenas: 02 03 05 06 07 08 09 10 12 14 16 20 22 24 25
Concurso: 3197 Data: 17/09/2024 Dezenas: 03 04 06 09 11 12 13 15 16 18 19 20 22 24 25
Concurso: 3196 Data: 16/09/2024 Dezenas: 01 02 03 04 05 07 09 12 13 17 19 20 21 22 25
Concurso: 3195 Data: 14/09/2024 Dezenas: 01 02 03 04 05 09 11 13 18 19 20 21 23 24 25
Concurso: 3194 Data: 13/09/2024 Dezenas: 01 02 04 06 08 09 12 13 15 17 18 20 21 24 25
Concurso: 3193 Data: 12/09/2024 Dezenas: 02 04 06 07 09 10 11 12 13 18 20 22 23 24 25
Concurso: 3192 Data: 11/09/2024 Dezenas: 01 02 03 04 05 06 08 09 12 13 18 20 21 24 25
Concurso: 3191 Data: 10/09/2024 Dezenas: 01 03 04 05 06 10 11 14 15 17 19 22 23 24 25
Concurso: 3190 Data: 09/09/2024 Dezenas: 03 04 05 06 10 12 13 15 16 18 19 21 22 23 25
Concurso: 3189 Data: 23/08/2024 Dezenas: 02 04 07 09 11 12 13 15 18 19 20 21 23 24 25
Concurso: 3188 Data: 22/08/2024 Dezenas: 02 03 04 06 09 10 12 13 15 16 17 18 20 23 25
Concurso: 3187 Data: 21/08/2024 Dezenas: 01 07 11 12 13 14 16 17 19 20 21 22 23 24 25
Concurso: 3186 Data: 20/08/2024 Dezenas: 01 05 08 10 11 12 13 15 17 18 19 20 21 23 25
Concurso: 3185 Data: 19/08/2024 Dezenas: 01 02 05 06 07 11 12 14 15 17 18 19 20 24 25
Concurso: 3184 Data: 17/08/2024 Dezenas: 01 04 05 07 08 12 14 17 18 19 21 22 23 24 25
Concurso: 3183 Data: 16/08/2024 Dezenas: 01 04 05 07 08 10 11 13 15 16 17 18 22 24 25
Concurso: 3182 Data: 15/08/2024 Dezenas: 01 02 04 05 06 07 09 10 12 15 18 19 21 22 23
Concurso: 3181 Data: 14/08/2024 Dezenas: 03 06 07 08 10 11 13 16 18 19 20 21 22 23 24
Concurso: 3180 Data: 13/08/2024 Dezenas: 02 04 05 06 08 10 12 13 15 16 17 18 19 20 21
Concurso: 3179 Data: 12/08/2024 Dezenas: 03 04 05 07 08 11 12 16 17 18 21 22 23 24 25
Concurso: 3178 Data: 10/08/2024 Dezenas: 01 03 04 05 06 07 09 10 14 16 19 20 23 24 25
Concurso: 3177 Data: 09/08/2024 Dezenas: 01 03 05 06 07 08 10 14 15 18 19 20 21 23 24
Concurso: 3176 Data: 08/08/2024 Dezenas: 01 02 03 06 07 08 11 12 14 15 17 21 22 24 25
Concurso: 3175 Data: 07/08/2024 Dezenas: 01 02 03 05 06 07 08 09 10 11 13 17 22 23 24
Concurso: 3174 Data: 06/08/2024 Dezenas: 01 02 03 04 05 07 10 12 14 16 20 21 22 24 25
Concurso: 3173 Data: 05/08/2024 Dezenas: 01 02 03 05 06 08 09 10 12 14 15 16 21 22 24
Concurso: 3172 Data: 03/08/2024 Dezenas: 02 04 05 06 08 09 11 12 13 14 15 17 19 23 25
Concurso: 3171 Data: 02/08/2024 Dezenas: 01 06 07 08 12 13 14 15 17 18 19 20 21 22 23
Concurso: 3170 Data: 01/08/2024 Dezenas: 01 02 05 06 08 09 10 12 14 15 16 17 21 22 25
Concurso: 3169 Data: 31/07/2024 Dezenas: 03 04 06 07 10 11 13 14 15 16 19 21 22 23 24
Concurso: 3168 Data: 30/07/2024 Dezenas: 01 02 03 08 09 10 12 14 15 16 18 19 20 23 24
Concurso: 3167 Data: 29/07/2024 Dezenas: 01 02 03 05 06 07 08 12 13 14 17 18 19 23 25
Concurso: 3166 Data: 27/07/2024 Dezenas: 03 05 06 07 11 12 13 14 16 17 18 20 22 23 24
Concurso: 3165 Data: 26/07/2024 Dezenas: 02 03 04 05 07 08 09 10 11 12 13 15 17 21 24
Concurso: 3164 Data: 25/07/2024 Dezenas: 01 02 03 04 06 07 08 09 10 12 14 15 17 20 22
Concurso: 3163 Data: 24/07/2024 Dezenas: 05 06 07 09 10 13 15 17 18 19 21 22 23 24 25
Concurso: 3162 Data: 23/07/2024 Dezenas: 01 02 03 06 08 10 12 14 16 17 18 20 22 24 25
Concurso: 3161 Data: 22/07/2024 Dezenas: 01 02 04 05 06 08 10 12 15 16 20 21 23 24 25
Concurso: 3160 Data: 20/07/2024 Dezenas: 01 03 05 06 07 09 11 12 14 15 17 20 22 23 24
Concurso: 3159 Data: 19/07/2024 Dezenas: 01 02 03 04 05 06 07 08 10 12 16 20 21 22 23
Concurso: 3158 Data: 18/07/2024 Dezenas: 01 02 04 09 10 11 12 14 15 17 19 22 23 24 25
Concurso: 3157 Data: 17/07/2024 Dezenas: 01 02 04 05 07 08 09 10 11 13 14 17 18 20 21
Concurso: 3156 Data: 16/07/2024 Dezenas: 01 05 06 08 09 10 12 14 16 17 18 19 20 21 22
Concurso: 3155 Data: 15/07/2024 Dezenas: 01 04 05 06 07 08 10 11 13 15 16 18 19 20 21
Concurso: 3154 Data: 13/07/2024 Dezenas: 01 02 03 04 08 09 12 14 15 16 18 20 23 24 25
Concurso: 3153 Data: 12/07/2024 Dezenas: 01 02 03 05 07 08 10 13 15 18 21 22 23 24 25
Concurso: 3152 Data: 11/07/2024 Dezenas: 01 02 05 06 07 08 09 10 14 15 19 21 22 23 25
Concurso: 3151 Data: 10/07/2024 Dezenas: 02 03 05 06 07 08 10 12 14 15 16 18 22 23 25
Concurso: 3150 Data: 09/07/2024 Dezenas: 01 02 05 06 09 11 12 13 14 15 16 17 20 24 25
Concurso: 3149 Data: 08/07/2024 Dezenas: 01 03 05 06 08 09 11 12 14 15 17 19 20 21 23
Concurso: 3148 Data: 06/07/2024 Dezenas: 01 02 05 07 08 09 10 12 16 19 21 22 23 24 25
Concurso: 3147 Data: 05/07/2024 Dezenas: 02 04 05 06 07 08 10 11 13 14 15 16 17 18 24
Concurso: 3146 Data: 04/07/2024 Dezenas: 02 03 05 08 09 11 13 14 15 17 18 19 20 22 23
Concurso: 3145 Data: 03/07/2024 Dezenas: 01 02 04 07 09 12 13 14 16 17 18 19 20 23 25
Concurso: 3144 Data: 02/07/2024 Dezenas: 01 03 04 06 07 08 10 12 13 14 15 16 18 22 24
Concurso: 3143 Data: 01/07/2024 Dezenas: 02 05 06 09 12 13 14 15 17 18 19 20 21 23 25
Concurso: 3142 Data: 29/06/2024 Dezenas: 01 03 04 06 07 09 10 13 14 15 16 17 18 20 22
Concurso: 3141 Data: 28/06/2024 Dezenas: 02 03 07 08 10 11 13 14 15 17 19 20 22 23 24
Concurso: 3140 Data: 27/06/2024 Dezenas: 01 02 03 06 07 08 10 11 14 15 17 19 22 23 25
Concurso: 3139 Data: 26/06/2024 Dezenas: 01 03 04 06 07 08 09 11 13 15 17 18 20 21 25
Concurso: 3138 Data: 25/06/2024 Dezenas: 01 02 03 04 06 07 17 18 19 20 21 22 23 24 25
Concurso: 3137 Data: 24/06/2024 Dezenas: 01 04 06 07 08 09 12 13 15 18 20 21 23 24 25
Concurso: 3136 Data: 22/06/2024 Dezenas: 02 04 06 08 10 12 13 14 15 17 18 19 20 22 23
Concurso: 3135 Data: 21/06/2024 Dezenas: 01 02 03 05 09 10 11 13 17 20 21 22 23 24 25
Concurso: 3134 Data: 20/06/2024 Dezenas: 01 03 06 07 08 09 12 13 14 15 18 19 20 21 25
Concurso: 3133 Data: 19/06/2024 Dezenas: 02 05 06 09 10 11 12 14 15 17 19 20 22 24 25
Concurso: 3132 Data: 18/06/2024 Dezenas: 02 03 04 05 07 10 11 13 14 15 16 22 23 24 25
Concurso: 3131 Data: 17/06/2024 Dezenas: 02 03 04 05 06 07 08 09 12 14 17 22 23 24 25
Concurso: 3130 Data: 15/06/2024 Dezenas: 01 02 05 08 09 10 12 13 14 15 16 20 21 22 24
Concurso: 3129 Data: 14/06/2024 Dezenas: 01 02 04 06 07 08 14 15 16 17 18 19 22 23 25
Concurso: 3128 Data: 13/06/2024 Dezenas: 01 02 05 08 09 10 11 13 14 16 17 18 20 21 24
Concurso: 3127 Data: 12/06/2024 Dezenas: 02 03 04 07 12 14 15 16 18 20 21 22 23 24 25
Concurso: 3126 Data: 11/06/2024 Dezenas: 01 04 05 06 07 09 10 13 14 16 19 21 23 24 25
Concurso: 3125 Data: 10/06/2024 Dezenas: 03 05 06 09 10 12 13 14 16 17 18 19 20 21 24
Concurso: 3124 Data: 08/06/2024 Dezenas: 01 03 05 09 12 13 14 15 16 17 19 20 21 22 25
Concurso: 3123 Data: 07/06/2024 Dezenas: 01 03 05 08 09 13 14 15 16 17 21 22 23 24 25
Concurso: 3122 Data: 06/06/2024 Dezenas: 01 02 03 04 07 12 13 15 17 18 19 21 22 23 25
Concurso: 3121 Data: 05/06/2024 Dezenas: 01 02 03 04 06 07 08 11 14 17 19 22 23 24 25
Concurso: 3120 Data: 04/06/2024 Dezenas: 01 03 04 05 07 08 10 11 13 15 16 17 18 19 21
Concurso: 3119 Data: 03/06/2024 Dezenas: 02 04 07 08 09 10 12 14 16 19 21 22 23 24 25
Concurso: 3118 Data: 01/06/2024 Dezenas: 01 06 07 10 11 12 14 15 18 19 21 22 23 24 25
Concurso: 3117 Data: 31/05/2024 Dezenas: 01 02 04 07 09 11 12 15 16 17 18 19 21 22 23
Concurso: 3116 Data: 29/05/2024 Dezenas: 02 03 04 05 07 09 12 14 15 16 19 21 22 23 24
Concurso: 3115 Data: 28/05/2024 Dezenas: 01 03 04 06 09 11 12 13 15 16 18 20 22 24 25
Concurso: 3114 Data: 27/05/2024 Dezenas: 02 03 04 05 06 07 08 10 12 13 14 16 21 23 25
Concurso: 3113 Data: 25/05/2024 Dezenas: 01 03 05 06 08 09 11 14 16 18 21 22 23 24 25
Concurso: 3112 Data: 24/05/2024 Dezenas: 01 02 03 05 07 08 09 11 12 15 16 18 19 20 22
Concurso: 3111 Data: 23/05/2024 Dezenas: 02 03 04 05 07 09 10 12 13 15 16 18 19 22 23
Concurso: 3110 Data: 22/05/2024 Dezenas: 01 03 04 06 09 12 13 14 15 16 18 20 23 24 25
Concurso: 3109 Data: 21/05/2024 Dezenas: 01 03 05 08 09 10 12 15 16 17 18 19 20 21 23
Concurso: 3108 Data: 20/05/2024 Dezenas: 02 03 04 06 07 11 12 13 14 15 18 20 22 23 25
Concurso: 3107 Data: 18/05/2024 Dezenas: 01 02 03 04 05 07 09 10 12 13 16 17 19 23 25
Concurso: 3106 Data: 17/05/2024 Dezenas: 02 03 04 07 10 12 13 14 15 17 19 20 21 22 25
Concurso: 3105 Data: 16/05/2024 Dezenas: 02 04 05 06 08 10 12 14 15 16 17 22 23 24 25
Concurso: 3104 Data: 15/05/2024 Dezenas: 01 02 03 04 05 06 08 09 10 13 15 17 19 24 25
Concurso: 3103 Data: 14/05/2024 Dezenas: 02 05 06 07 08 11 12 13 15 16 17 22 23 24 25
Concurso: 3102 Data: 13/05/2024 Dezenas: 01 08 10 11 12 13 14 15 16 18 19 20 21 24 25
Concurso: 3101 Data: 11/05/2024 Dezenas: 03 08 09 10 11 12 15 17 18 19 20 21 23 24 25
Concurso: 3100 Data: 10/05/2024 Dezenas: 01 02 03 04 06 08 09 10 15 16 18 20 21 22 25
Concurso: 3099 Data: 09/05/2024 Dezenas: 01 05 06 07 08 10 11 12 17 18 20 21 22 23 25
Concurso: 3098 Data: 08/05/2024 Dezenas: 01 02 03 05 06 08 10 11 13 14 15 16 19 21 24
Concurso: 3097 Data: 07/05/2024 Dezenas: 01 02 03 04 07 08 09 12 13 14 15 17 18 20 25
Concurso: 3096 Data: 06/05/2024 Dezenas: 02 03 04 06 09 13 14 15 16 17 19 20 21 22 25
Concurso: 3095 Data: 04/05/2024 Dezenas: 01 02 04 05 06 07 08 10 11 12 19 21 22 23 24
Concurso: 3094 Data: 03/05/2024 Dezenas: 02 03 04 05 06 08 10 12 13 14 15 17 18 21 22
Concurso: 3093 Data: 02/05/2024 Dezenas: 01 02 03 05 06 07 10 12 14 16 17 20 22 24 25
Concurso: 3092 Data: 30/04/2024 Dezenas: 01 04 05 06 08 09 10 13 15 17 20 21 22 23 25
Concurso: 3091 Data: 29/04/2024 Dezenas: 02 04 05 08 09 11 13 14 15 18 19 20 21 24 25
Concurso: 3090 Data: 27/04/2024 Dezenas: 01 03 04 08 10 11 13 14 17 18 19 21 22 23 25
Concurso: 3089 Data: 26/04/2024 Dezenas: 01 02 04 05 08 10 11 12 13 15 18 20 21 22 23
Concurso: 3088 Data: 25/04/2024 Dezenas: 01 02 03 05 09 10 11 13 15 18 20 21 22 23 25
Concurso: 3087 Data: 24/04/2024 Dezenas: 01 02 03 04 05 06 07 10 12 14 17 18 21 24 25
Concurso: 3086 Data: 23/04/2024 Dezenas: 01 03 04 05 06 07 11 12 13 16 17 18 19 21 23
Concurso: 3085 Data: 22/04/2024 Dezenas: 02 03 04 06 07 09 11 12 13 14 15 19 20 24 25
Concurso: 3084 Data: 20/04/2024 Dezenas: 01 02 04 05 09 12 16 17 18 19 20 22 23 24 25
Concurso: 3083 Data: 19/04/2024 Dezenas: 02 04 05 07 08 09 10 11 12 15 18 19 20 21 23
Concurso: 3082 Data: 18/04/2024 Dezenas: 01 03 04 05 06 07 09 10 12 13 17 18 19 21 24
Concurso: 3081 Data: 17/04/2024 Dezenas: 01 02 04 05 06 10 13 15 17 18 19 21 23 24 25
Concurso: 3080 Data: 16/04/2024 Dezenas: 01 03 04 05 06 07 09 10 11 13 15 17 18 20 25
Concurso: 3079 Data: 15/04/2024 Dezenas: 01 02 04 05 06 07 08 10 12 13 14 16 18 24 25
Concurso: 3078 Data: 13/04/2024 Dezenas: 02 06 07 08 09 10 11 13 14 15 19 20 21 22 23
Concurso: 3077 Data: 12/04/2024 Dezenas: 02 05 07 08 09 10 11 12 15 16 17 18 21 22 23
Concurso: 3076 Data: 11/04/2024 Dezenas: 01 02 05 06 07 09 10 12 13 14 16 17 22 24 25
Concurso: 3075 Data: 10/04/2024 Dezenas: 01 03 04 06 07 09 12 13 14 15 16 17 20 22 25
Concurso: 3074 Data: 09/04/2024 Dezenas: 02 03 04 06 07 08 09 10 16 17 19 20 23 24 25
Concurso: 3073 Data: 08/04/2024 Dezenas: 01 02 03 05 07 08 09 10 11 12 16 17 22 24 25
Concurso: 3072 Data: 06/04/2024 Dezenas: 01 02 03 04 05 06 08 11 13 14 15 17 20 21 25
Concurso: 3071 Data: 05/04/2024 Dezenas: 01 02 04 07 08 10 11 12 14 15 17 19 21 23 25
Concurso: 3070 Data: 04/04/2024 Dezenas: 03 05 07 08 10 11 13 14 15 19 20 21 23 24 25
Concurso: 3069 Data: 03/04/2024 Dezenas: 03 04 05 09 11 12 14 15 16 17 19 20 22 23 25
Concurso: 3068 Data: 02/04/2024 Dezenas: 01 02 03 04 05 06 10 11 12 13 14 16 18 19 25
Concurso: 3067 Data: 01/04/2024 Dezenas: 01 02 05 07 08 09 11 13 14 17 19 20 21 22 24
Concurso: 3066 Data: 30/03/2024 Dezenas: 01 03 05 10 11 12 13 14 16 17 19 21 22 23 25
Concurso: 3065 Data: 28/03/2024 Dezenas: 01 06 07 09 10 12 14 15 16 17 20 21 22 23 24
Concurso: 3064 Data: 27/03/2024 Dezenas: 04 05 06 07 10 11 12 13 14 15 17 18 21 23 25
Concurso: 3063 Data: 26/03/2024 Dezenas: 02 04 05 07 08 10 12 14 16 17 18 19 20 21 22
Concurso: 3062 Data: 25/03/2024 Dezenas: 02 04 06 07 08 09 10 11 12 13 17 19 20 24 25
Concurso: 3061 Data: 23/03/2024 Dezenas: 01 02 03 08 09 11 12 13 14 15 17 18 19 20 22
Concurso: 3060 Data: 22/03/2024 Dezenas: 02 04 05 07 08 10 12 13 14 17 19 21 22 24 25
Concurso: 3059 Data: 21/03/2024 Dezenas: 01 03 04 05 07 08 11 12 15 16 18 19 20 21 25
Concurso: 3058 Data: 20/03/2024 Dezenas: 01 02 05 07 08 09 10 13 14 15 16 19 22 24 25
Concurso: 3057 Data: 19/03/2024 Dezenas: 01 03 04 08 11 13 15 16 18 19 20 21 22 23 24
Concurso: 3056 Data: 18/03/2024 Dezenas: 01 02 03 04 05 08 09 15 16 17 19 21 22 23 25
Concurso: 3055 Data: 16/03/2024 Dezenas: 02 03 07 08 09 10 11 12 14 15 17 20 21 22 23
Concurso: 3054 Data: 15/03/2024 Dezenas: 01 02 04 08 09 10 14 15 18 19 20 21 22 23 24
Concurso: 3053 Data: 14/03/2024 Dezenas: 02 04 05 07 08 12 13 14 16 17 18 19 21 22 23
Concurso: 3052 Data: 13/03/2024 Dezenas: 02 03 04 08 09 10 11 14 15 18 19 20 21 23 24
Concurso: 3051 Data: 12/03/2024 Dezenas: 02 03 04 06 09 10 11 12 15 17 18 20 21 22 25
Concurso: 3050 Data: 11/03/2024 Dezenas: 04 05 06 07 08 09 14 18 19 20 21 22 23 24 25
Concurso: 3049 Data: 09/03/2024 Dezenas: 01 02 03 04 05 07 08 09 12 13 14 15 17 19 20
Concurso: 3048 Data: 08/03/2024 Dezenas: 03 04 05 07 08 10 11 16 18 19 20 21 23 24 25
Concurso: 3047 Data: 07/03/2024 Dezenas: 01 02 04 07 08 09 10 11 14 15 17 18 21 24 25
Concurso: 3046 Data: 06/03/2024 Dezenas: 01 03 04 05 06 07 12 13 15 18 20 21 22 23 25
Concurso: 3045 Data: 05/03/2024 Dezenas: 02 03 05 08 09 10 12 15 16 17 18 20 21 23 25
Concurso: 3044 Data: 04/03/2024 Dezenas: 02 03 06 08 09 12 13 16 17 18 19 20 21 22 24
Concurso: 3043 Data: 02/03/2024 Dezenas: 01 02 03 04 08 09 10 12 13 14 15 17 18 24 25
Concurso: 3042 Data: 01/03/2024 Dezenas: 01 03 04 05 07 08 09 10 11 17 19 21 22 24 25
Concurso: 3041 Data: 29/02/2024 Dezenas: 01 03 05 08 09 10 11 12 13 15 16 18 21 22 25
Concurso: 3040 Data: 28/02/2024 Dezenas: 02 03 04 05 07 08 09 10 11 12 14 16 18 20 21
Concurso: 3039 Data: 27/02/2024 Dezenas: 01 02 04 05 06 07 08 10 11 13 18 19 22 24 25
Concurso: 3038 Data: 26/02/2024 Dezenas: 02 03 04 05 11 12 16 17 18 20 21 22 23 24 25
Concurso: 3037 Data: 24/02/2024 Dezenas: 01 02 03 04 07 08 09 10 11 12 15 16 20 22 23
Concurso: 3036 Data: 23/02/2024 Dezenas: 01 04 05 07 08 09 11 13 14 17 18 20 21 22 25
Concurso: 3035 Data: 22/02/2024 Dezenas: 01 05 07 08 09 12 13 14 17 18 20 21 23 24 25
Concurso: 3034 Data: 21/02/2024 Dezenas: 02 03 06 07 08 09 11 12 13 14 16 18 19 22 25
Concurso: 3033 Data: 20/02/2024 Dezenas: 01 02 03 04 06 07 09 10 11 13 15 19 23 24 25
Concurso: 3032 Data: 19/02/2024 Dezenas: 01 02 04 06 07 08 10 11 14 15 17 18 19 23 24
Concurso: 3031 Data: 17/02/2024 Dezenas: 02 03 06 07 08 09 10 11 12 13 14 20 23 24 25
Concurso: 3030 Data: 16/02/2024 Dezenas: 01 03 04 05 06 08 10 13 14 15 17 18 22 24 25
Concurso: 3029 Data: 15/02/2024 Dezenas: 05 06 07 08 09 10 12 13 15 16 17 18 20 22 25
Concurso: 3028 Data: 14/02/2024 Dezenas: 01 02 03 04 06 10 11 15 17 18 19 21 22 24 25
Concurso: 3027 Data: 10/02/2024 Dezenas: 03 05 06 08 11 13 14 15 17 18 19 20 22 23 25
Concurso: 3026 Data: 09/02/2024 Dezenas: 01 02 03 04 05 06 09 10 12 15 16 17 21 22 23
Concurso: 3025 Data: 08/02/2024 Dezenas: 03 04 06 07 08 11 12 13 14 16 19 21 22 23 24
Concurso: 3024 Data: 07/02/2024 Dezenas: 01 02 04 06 07 09 11 12 15 17 19 22 23 24 25
Concurso: 3023 Data: 06/02/2024 Dezenas: 02 03 06 07 10 12 13 15 16 18 20 21 22 23 25
Concurso: 3022 Data: 05/02/2024 Dezenas: 06 07 08 09 10 12 13 14 15 16 17 20 21 23 25
Concurso: 3021 Data: 03/02/2024 Dezenas: 02 04 05 07 08 10 11 12 13 14 19 20 23 24 25
Concurso: 3020 Data: 02/02/2024 Dezenas: 02 03 06 07 10 13 14 15 17 18 19 20 22 23 24
Concurso: 3019 Data: 01/02/2024 Dezenas: 01 02 03 04 06 09 10 11 12 13 16 17 18 20 21
Concurso: 3018 Data: 31/01/2024 Dezenas: 01 02 03 05 09 10 13 15 16 17 20 21 23 24 25
Concurso: 3017 Data: 30/01/2024 Dezenas: 01 02 03 05 06 07 09 11 12 15 16 17 19 20 21
Concurso: 3016 Data: 29/01/2024 Dezenas: 01 03 05 07 08 09 10 11 12 13 18 20 23 24 25
Concurso: 3015 Data: 27/01/2024 Dezenas: 01 03 04 05 06 07 08 10 12 13 14 17 19 20 22
Concurso: 3014 Data: 26/01/2024 Dezenas: 02 05 07 08 09 11 12 13 14 16 17 19 21 23 24
Concurso: 3013 Data: 25/01/2024 Dezenas: 01 02 03 05 07 08 10 11 13 15 17 18 19 21 22
Concurso: 3012 Data: 24/01/2024 Dezenas: 01 02 03 05 06 07 14 15 16 17 20 21 23 24 25
Concurso: 3011 Data: 23/01/2024 Dezenas: 01 02 03 04 05 07 08 09 10 11 13 15 21 23 24
Concurso: 3010 Data: 22/01/2024 Dezenas: 01 02 03 06 07 08 11 12 14 15 16 17 18 20 25
Concurso: 3009 Data: 20/01/2024 Dezenas: 02 03 04 07 09 11 12 14 18 19 20 22 23 24 25
Concurso: 3008 Data: 19/01/2024 Dezenas: 01 02 04 06 07 08 09 10 12 13 15 16 18 19 24
Concurso: 3007 Data: 18/01/2024 Dezenas: 02 03 04 10 11 12 14 15 16 20 21 22 23 24 25
Concurso: 3006 Data: 17/01/2024 Dezenas: 01 03 04 05 06 08 09 10 11 12 15 19 21 23 25
Concurso: 3005 Data: 16/01/2024 Dezenas: 01 02 03 05 07 09 10 12 13 16 18 19 21 24 25
Concurso: 3004 Data: 15/01/2024 Dezenas: 01 04 05 08 09 10 11 12 14 16 18 19 21 24 25
Concurso: 3003 Data: 13/01/2024 Dezenas: 01 02 05 08 09 10 11 13 14 16 18 19 22 23 25
Concurso: 3002 Data: 12/01/2024 Dezenas: 03 04 06 07 08 10 12 14 15 18 19 21 22 23 25
Concurso: 3001 Data: 11/01/2024 Dezenas: 02 04 06 10 11 12 13 14 18 19 20 21 23 24 25
Concurso: 3000 Data: 10/01/2024 Dezenas: 01 02 05 06 09 10 11 12 15 17 18 19 21 24 25
Concurso: 2999 Data: 09/01/2024 Dezenas: 01 02 03 04 07 10 11 13 17 18 19 20 22 24 25
Concurso: 2998 Data: 08/01/2024 Dezenas: 02 06 07 09 10 12 13 14 16 17 18 19 21 23 25
Concurso: 2997 Data: 06/01/2024 Dezenas: 02 03 04 05 07 08 09 11 14 17 19 20 22 23 25
Concurso: 2996 Data: 05/01/2024 Dezenas: 01 02 03 04 05 10 11 14 15 17 18 19 20 22 24
Concurso: 2995 Data: 04/01/2024 Dezenas: 01 02 03 04 06 11 12 16 19 20 21 22 23 24 25
Concurso: 2994 Data: 03/01/2024 Dezenas: 02 03 04 05 08 09 11 13 15 16 17 18 19 20 21
Concurso: 2993 Data: 02/01/2024 Dezenas: 01 02 03 04 05 07 08 12 13 15 16 18 19 24 25
Concurso: 2992 Data: 30/12/2023 Dezenas: 01 04 05 06 08 09 12 14 17 18 19 21 22 23 25
Concurso: 2991 Data: 29/12/2023 Dezenas: 01 02 03 04 05 06 09 11 12 13 14 16 22 23 25
Concurso: 2990 Data: 28/12/2023 Dezenas: 03 04 05 06 10 12 13 16 18 20 21 22 23 24 25
Concurso: 2989 Data: 27/12/2023 Dezenas: 01 02 04 11 12 13 15 16 18 19 20 22 23 24 25
Concurso: 2988 Data: 26/12/2023 Dezenas: 01 03 06 07 09 10 11 12 13 14 17 19 20 22 23
Concurso: 2987 Data: 23/12/2023 Dezenas: 01 03 04 06 07 08 11 12 13 14 15 16 17 18 20
Concurso: 2986 Data: 22/12/2023 Dezenas: 01 03 04 07 10 12 13 14 16 18 19 20 22 23 25
Concurso: 2985 Data: 21/12/2023 Dezenas: 02 03 04 05 07 11 12 14 15 18 19 21 22 24 25
Concurso: 2984 Data: 20/12/2023 Dezenas: 02 03 05 06 07 08 09 13 14 15 18 20 23 24 25
Concurso: 2983 Data: 19/12/2023 Dezenas: 01 02 03 04 06 07 08 09 12 13 15 19 23 24 25
Concurso: 2982 Data: 18/12/2023 Dezenas: 02 06 07 08 10 12 14 15 16 18 19 20 21 23 24
Concurso: 2981 Data: 16/12/2023 Dezenas: 01 02 05 06 09 10 13 14 17 19 20 21 22 24 25
Concurso: 2980 Data: 15/12/2023 Dezenas: 01 02 04 07 08 12 14 15 16 17 19 20 21 24 25
Concurso: 2979 Data: 14/12/2023 Dezenas: 02 04 05 06 08 09 10 11 13 14 19 20 22 24 25
Concurso: 2978 Data: 13/12/2023 Dezenas: 05 06 07 10 12 13 14 15 16 17 20 21 23 24 25
Concurso: 2977 Data: 12/12/2023 Dezenas: 03 05 06 07 08 09 10 11 13 14 18 20 22 24 25
Concurso: 2976 Data: 11/12/2023 Dezenas: 01 02 04 06 08 09 10 12 13 14 17 18 20 21 24
Concurso: 2975 Data: 09/12/2023 Dezenas: 05 08 11 12 13 14 15 16 17 18 20 21 22 23 24
Concurso: 2974 Data: 08/12/2023 Dezenas: 04 06 08 09 10 12 13 14 15 16 18 19 20 21 24
Concurso: 2973 Data: 07/12/2023 Dezenas: 01 02 04 06 08 09 10 11 14 16 17 18 19 20 25
Concurso: 2972 Data: 06/12/2023 Dezenas: 03 04 05 06 08 11 12 13 14 18 19 20 21 24 25
Concurso: 2971 Data: 05/12/2023 Dezenas: 01 02 04 05 10 11 12 14 15 16 17 18 20 21 25
Concurso: 2970 Data: 04/12/2023 Dezenas: 01 02 03 08 09 11 12 13 14 15 18 20 21 22 25
Concurso: 2969 Data: 02/12/2023 Dezenas: 03 04 05 06 09 11 13 17 18 19 20 21 22 23 24
Concurso: 2968 Data: 01/12/2023 Dezenas: 02 04 05 06 07 09 10 13 14 15 18 19 20 21 23
Concurso: 2967 Data: 30/11/2023 Dezenas: 01 02 03 04 06 07 08 09 14 17 18 19 20 22 25
Concurso: 2966 Data: 29/11/2023 Dezenas: 01 03 04 06 07 08 11 12 13 17 18 19 20 22 23
Concurso: 2965 Data: 28/11/2023 Dezenas: 01 03 07 08 10 11 12 14 15 16 17 18 19 23 24
Concurso: 2964 Data: 27/11/2023 Dezenas: 01 03 04 05 07 09 10 11 12 14 18 20 22 23 25
Concurso: 2963 Data: 25/11/2023 Dezenas: 01 02 03 04 09 10 11 12 13 14 15 18 21 24 25
Concurso: 2962 Data: 24/11/2023 Dezenas: 01 03 06 07 09 11 12 14 15 17 18 20 22 24 25
Concurso: 2961 Data: 23/11/2023 Dezenas: 01 03 04 05 07 08 09 10 13 15 17 18 20 23 25
Concurso: 2960 Data: 22/11/2023 Dezenas: 01 02 03 04 05 08 09 11 12 15 16 19 20 23 25
Concurso: 2959 Data: 21/11/2023 Dezenas: 01 03 04 05 08 10 11 14 15 16 20 21 23 24 25
Concurso: 2958 Data: 20/11/2023 Dezenas: 04 06 07 08 10 11 12 13 14 18 20 22 23 24 25
Concurso: 2957 Data: 18/11/2023 Dezenas: 01 02 04 05 07 08 09 10 11 15 17 19 20 21 24
Concurso: 2956 Data: 17/11/2023 Dezenas: 03 05 07 09 14 16 17 18 19 20 21 22 23 24 25
Concurso: 2955 Data: 16/11/2023 Dezenas: 01 02 03 04 06 08 11 12 13 16 17 18 19 23 24
Concurso: 2954 Data: 14/11/2023 Dezenas: 01 02 03 05 07 09 10 12 14 18 19 22 23 24 25
Concurso: 2953 Data: 13/11/2023 Dezenas: 01 03 04 05 07 08 09 13 17 18 19 20 21 22 23
Concurso: 2952 Data: 11/11/2023 Dezenas: 01 02 03 04 05 06 08 09 11 12 16 19 20 21 22
Concurso: 2951 Data: 10/11/2023 Dezenas: 01 03 06 08 09 10 13 15 16 17 18 19 20 21 22
Concurso: 2950 Data: 09/11/2023 Dezenas: 01 03 06 07 08 09 10 13 14 16 17 19 20 22 25
Concurso: 2949 Data: 08/11/2023 Dezenas: 06 07 09 12 13 14 15 16 17 18 20 21 22 23 24
Concurso: 2948 Data: 07/11/2023 Dezenas: 01 03 05 07 08 09 10 11 12 16 18 21 23 24 25
Concurso: 2947 Data: 06/11/2023 Dezenas: 02 03 04 06 07 08 09 11 12 13 15 20 22 24 25
Concurso: 2946 Data: 04/11/2023 Dezenas: 01 03 04 05 10 12 13 14 15 16 19 20 23 24 25
Concurso: 2945 Data: 03/11/2023 Dezenas: 05 06 07 08 10 13 14 15 17 18 19 20 21 22 25
Concurso: 2944 Data: 01/11/2023 Dezenas: 01 02 04 05 06 07 11 12 13 15 17 18 20 21 24
Concurso: 2943 Data: 31/10/2023 Dezenas: 01 04 05 08 09 10 11 12 15 16 17 18 19 20 25
Concurso: 2942 Data: 30/10/2023 Dezenas: 04 05 06 07 08 09 10 14 16 17 18 19 20 23 25
Concurso: 2941 Data: 28/10/2023 Dezenas: 04 05 06 07 08 10 11 12 14 17 20 21 22 24 25
Concurso: 2940 Data: 27/10/2023 Dezenas: 01 02 05 07 08 09 11 12 13 14 15 20 21 24 25
Concurso: 2939 Data: 26/10/2023 Dezenas: 02 03 05 06 07 09 10 11 12 13 17 18 20 22 23
Concurso: 2938 Data: 25/10/2023 Dezenas: 01 02 03 04 05 06 08 09 10 11 15 17 20 21 24
Concurso: 2937 Data: 24/10/2023 Dezenas: 01 02 03 04 05 06 08 09 10 13 17 21 23 24 25
Concurso: 2936 Data: 23/10/2023 Dezenas: 01 04 08 09 10 11 12 13 16 18 19 20 21 23 24
Concurso: 2935 Data: 21/10/2023 Dezenas: 01 03 04 06 08 09 13 14 15 19 20 21 22 24 25
Concurso: 2934 Data: 20/10/2023 Dezenas: 02 03 06 07 08 10 11 12 13 16 18 19 20 23 24
Concurso: 2933 Data: 19/10/2023 Dezenas: 01 02 03 04 06 07 08 10 14 15 17 18 20 22 25
Concurso: 2932 Data: 18/10/2023 Dezenas: 02 05 06 07 08 09 10 11 14 16 17 18 20 21 24
Concurso: 2931 Data: 17/10/2023 Dezenas: 01 02 04 05 06 07 11 13 14 16 17 18 19 20 21
Concurso: 2930 Data: 16/10/2023 Dezenas: 01 02 03 04 06 07 09 10 11 14 16 19 21 22 23
Concurso: 2929 Data: 14/10/2023 Dezenas: 01 02 04 06 07 09 11 12 15 17 18 20 21 24 25
Concurso: 2928 Data: 13/10/2023 Dezenas: 01 03 04 06 07 09 13 14 15 16 17 18 19 21 24
Concurso: 2927 Data: 11/10/2023 Dezenas: 01 04 07 08 09 11 12 14 15 16 17 21 22 23 24
Concurso: 2926 Data: 10/10/2023 Dezenas: 01 02 03 04 07 08 09 13 15 17 18 19 22 24 25
Concurso: 2925 Data: 09/10/2023 Dezenas: 03 04 05 06 07 08 09 10 11 18 21 22 23 24 25
Concurso: 2924 Data: 07/10/2023 Dezenas: 02 03 04 05 06 07 08 09 12 13 14 18 20 23 24
Concurso: 2923 Data: 06/10/2023 Dezenas: 04 06 07 09 11 12 13 16 17 18 20 22 23 24 25
Concurso: 2922 Data: 05/10/2023 Dezenas: 01 02 04 05 06 08 11 12 13 15 16 17 19 21 24
Concurso: 2921 Data: 04/10/2023 Dezenas: 01 03 04 07 09 13 14 15 16 17 18 19 21 22 24
Concurso: 2920 Data: 03/10/2023 Dezenas: 01 02 04 05 06 07 09 10 12 13 14 17 18 21 22
Concurso: 2919 Data: 02/10/2023 Dezenas: 03 04 05 06 07 09 10 13 16 17 18 20 22 24 25
Concurso: 2918 Data: 30/09/2023 Dezenas: 02 06 07 08 10 11 12 14 15 16 18 20 23 24 25
Concurso: 2917 Data: 29/09/2023 Dezenas: 03 04 06 09 10 14 15 16 17 19 20 21 23 24 25
Concurso: 2916 Data: 28/09/2023 Dezenas: 01 03 05 11 12 14 15 17 18 19 20 21 22 24 25
Concurso: 2915 Data: 27/09/2023 Dezenas: 02 04 06 07 09 11 12 13 14 15 16 19 21 23 25
Concurso: 2914 Data: 26/09/2023 Dezenas: 03 04 05 06 07 08 09 10 11 16 17 18 20 21 25
Concurso: 2913 Data: 25/09/2023 Dezenas: 03 04 06 07 08 09 10 12 15 17 19 21 22 24 25
Concurso: 2912 Data: 23/09/2023 Dezenas: 01 02 04 06 10 11 14 15 16 17 19 20 22 23 25
Concurso: 2911 Data: 22/09/2023 Dezenas: 03 04 06 08 09 10 11 16 18 19 20 22 23 24 25
Concurso: 2910 Data: 21/09/2023 Dezenas: 01 02 06 07 08 09 10 13 15 18 19 20 21 23 24
Concurso: 2909 Data: 20/09/2023 Dezenas: 02 05 06 07 09 10 12 16 17 18 19 20 21 23 24
Concurso: 2908 Data: 19/09/2023 Dezenas: 05 06 07 10 11 12 13 14 16 17 18 19 20 22 24
Concurso: 2907 Data: 18/09/2023 Dezenas: 01 02 03 07 08 09 10 13 14 15 16 17 20 22 23
Concurso: 2906 Data: 16/09/2023 Dezenas: 01 02 03 05 06 07 09 13 15 16 17 18 19 20 23
Concurso: 2905 Data: 15/09/2023 Dezenas: 01 02 03 04 06 09 10 11 13 14 16 20 22 23 24
Concurso: 2904 Data: 14/09/2023 Dezenas: 01 02 04 05 08 09 10 11 14 17 18 20 21 22 24
Concurso: 2903 Data: 13/09/2023 Dezenas: 02 03 04 05 10 12 14 16 17 18 20 21 23 24 25
Concurso: 2902 Data: 12/09/2023 Dezenas: 02 03 04 05 06 07 08 10 11 13 15 19 21 24 25
Concurso: 2901 Data: 11/09/2023 Dezenas: 01 04 05 09 10 13 14 15 16 17 20 21 22 23 25
Concurso: 2900 Data: 09/09/2023 Dezenas: 01 03 04 05 06 07 10 11 14 18 19 20 23 24 25
Concurso: 2899 Data: 25/08/2023 Dezenas: 02 03 05 07 08 10 13 14 15 16 17 18 19 22 25
Concurso: 2898 Data: 24/08/2023 Dezenas: 01 06 09 10 12 14 15 16 17 18 20 21 22 23 24
Concurso: 2897 Data: 23/08/2023 Dezenas: 01 07 09 10 11 12 13 14 17 18 19 21 23 24 25
Concurso: 2896 Data: 22/08/2023 Dezenas: 01 02 05 07 08 09 11 13 15 16 17 18 20 23 24
Concurso: 2895 Data: 21/08/2023 Dezenas: 02 03 05 08 09 11 14 15 16 17 18 21 22 24 25
Concurso: 2894 Data: 19/08/2023 Dezenas: 01 02 03 04 05 06 07 08 13 14 15 17 20 22 23
Concurso: 2893 Data: 18/08/2023 Dezenas: 01 04 05 06 08 09 10 11 17 19 20 21 23 24 25
Concurso: 2892 Data: 17/08/2023 Dezenas: 04 05 06 08 09 10 14 16 17 18 19 20 21 22 23
Concurso: 2891 Data: 16/08/2023 Dezenas: 01 02 05 06 10 11 12 13 15 17 18 20 21 23 24
Concurso: 2890 Data: 15/08/2023 Dezenas: 01 04 06 07 09 10 11 12 15 16 18 19 20 21 23
Concurso: 2889 Data: 14/08/2023 Dezenas: 02 04 06 07 08 10 12 14 15 16 18 20 23 24 25
Concurso: 2888 Data: 12/08/2023 Dezenas: 01 02 04 07 08 10 12 13 15 17 19 20 22 24 25
Concurso: 2887 Data: 11/08/2023 Dezenas: 01 02 03 07 09 10 11 12 17 18 19 20 21 22 24
Concurso: 2886 Data: 10/08/2023 Dezenas: 01 04 05 07 08 09 13 14 15 16 17 19 22 24 25
Concurso: 2885 Data: 09/08/2023 Dezenas: 02 03 07 08 10 11 14 16 17 18 19 21 22 23 24
Concurso: 2884 Data: 08/08/2023 Dezenas: 01 02 03 06 07 10 11 12 14 16 18 20 21 22 23
Concurso: 2883 Data: 07/08/2023 Dezenas: 05 07 08 09 10 11 12 13 15 17 18 19 20 21 25
Concurso: 2882 Data: 05/08/2023 Dezenas: 02 03 06 07 09 10 14 16 17 19 20 21 22 23 24
Concurso: 2881 Data: 04/08/2023 Dezenas: 01 03 04 06 07 10 11 12 13 16 18 19 20 23 25
Concurso: 2880 Data: 03/08/2023 Dezenas: 01 02 04 05 07 08 09 12 13 14 15 21 22 23 25
Concurso: 2879 Data: 02/08/2023 Dezenas: 01 02 03 04 06 07 10 12 13 16 17 19 20 24 25
Concurso: 2878 Data: 01/08/2023 Dezenas: 01 02 04 05 07 11 12 13 14 15 18 20 21 22 24
Concurso: 2877 Data: 31/07/2023 Dezenas: 01 03 07 09 10 12 13 14 15 17 19 20 22 24 25
Concurso: 2876 Data: 29/07/2023 Dezenas: 02 03 05 06 07 08 09 10 14 15 16 18 20 22 25
Concurso: 2875 Data: 28/07/2023 Dezenas: 01 02 04 06 07 08 09 11 12 13 14 15 18 19 25
Concurso: 2874 Data: 27/07/2023 Dezenas: 01 03 04 06 07 09 10 11 12 13 17 18 19 20 23
Concurso: 2873 Data: 26/07/2023 Dezenas: 01 06 07 08 10 12 14 15 16 18 21 22 23 24 25
Concurso: 2872 Data: 25/07/2023 Dezenas: 01 02 06 07 09 12 13 14 17 18 19 21 22 23 25
Concurso: 2871 Data: 24/07/2023 Dezenas: 01 02 05 06 07 08 09 10 12 16 17 20 21 23 25
Concurso: 2870 Data: 22/07/2023 Dezenas: 01 02 04 05 07 09 10 11 14 15 16 17 19 22 25
Concurso: 2869 Data: 21/07/2023 Dezenas: 01 02 03 04 06 07 09 10 11 13 16 19 23 24 25
Concurso: 2868 Data: 20/07/2023 Dezenas: 01 02 03 04 06 07 08 09 10 14 17 22 23 24 25
Concurso: 2867 Data: 19/07/2023 Dezenas: 01 05 07 09 10 12 13 14 15 18 20 21 22 23 25
Concurso: 2866 Data: 18/07/2023 Dezenas: 01 02 03 07 08 09 11 12 14 16 17 21 22 24 25
Concurso: 2865 Data: 17/07/2023 Dezenas: 02 04 05 06 09 11 12 13 14 15 18 20 21 22 23
Concurso: 2864 Data: 15/07/2023 Dezenas: 03 04 05 06 07 08 09 10 11 15 16 17 19 22 23
Concurso: 2863 Data: 14/07/2023 Dezenas: 01 02 05 06 07 08 09 11 13 14 19 20 21 22 25
Concurso: 2862 Data: 13/07/2023 Dezenas: 01 02 03 04 06 08 09 12 13 16 18 20 21 22 23
Concurso: 2861 Data: 12/07/2023 Dezenas: 01 05 07 10 11 12 14 15 16 17 18 19 20 21 25
Concurso: 2860 Data: 11/07/2023 Dezenas: 01 02 03 04 05 08 09 12 13 14 15 16 18 20 21
Concurso: 2859 Data: 10/07/2023 Dezenas: 01 02 05 06 08 09 10 11 12 14 17 18 21 22 25
Concurso: 2858 Data: 08/07/2023 Dezenas: 01 02 04 05 06 08 11 12 13 15 17 19 20 22 24
Concurso: 2857 Data: 07/07/2023 Dezenas: 01 03 04 06 07 08 09 10 12 15 16 17 19 22 23
Concurso: 2856 Data: 06/07/2023 Dezenas: 01 02 03 04 05 07 09 12 15 18 20 22 23 24 25
Concurso: 2855 Data: 05/07/2023 Dezenas: 01 02 03 04 07 08 09 10 16 17 19 21 22 23 24
Concurso: 2854 Data: 04/07/2023 Dezenas: 01 03 05 07 08 09 10 12 14 15 17 19 20 23 25
Concurso: 2853 Data: 03/07/2023 Dezenas: 01 02 03 04 05 09 11 12 13 14 17 21 22 24 25
Concurso: 2852 Data: 01/07/2023 Dezenas: 01 02 04 06 08 09 10 12 13 14 15 17 19 22 24
Concurso: 2851 Data: 30/06/2023 Dezenas: 01 03 05 06 08 09 10 12 15 16 19 20 21 22 25
Concurso: 2850 Data: 29/06/2023 Dezenas: 01 02 06 09 11 12 14 15 16 18 19 20 22 23 24
Concurso: 2849 Data: 28/06/2023 Dezenas: 01 02 06 09 10 11 12 15 16 18 19 20 21 24 25
Concurso: 2848 Data: 27/06/2023 Dezenas: 01 02 04 06 07 09 11 12 13 16 17 19 23 24 25
Concurso: 2847 Data: 26/06/2023 Dezenas: 02 04 05 06 08 09 10 12 13 14 15 18 21 22 24
Concurso: 2846 Data: 24/06/2023 Dezenas: 04 06 08 09 10 12 13 14 15 17 19 20 21 23 24
Concurso: 2845 Data: 23/06/2023 Dezenas: 01 02 05 07 08 10 11 12 15 17 18 19 20 23 24
Concurso: 2844 Data: 22/06/2023 Dezenas: 04 05 06 07 10 11 12 13 14 17 21 22 23 24 25
Concurso: 2843 Data: 21/06/2023 Dezenas: 02 04 07 09 10 12 13 16 18 20 21 22 23 24 25
Concurso: 2842 Data: 20/06/2023 Dezenas: 03 06 07 08 10 11 12 13 17 18 20 21 22 24 25
Concurso: 2841 Data: 19/06/2023 Dezenas: 03 05 06 07 08 09 14 17 18 19 20 21 23 24 25
Concurso: 2840 Data: 17/06/2023 Dezenas: 01 02 04 05 06 07 10 11 13 14 16 20 22 24 25
Concurso: 2839 Data: 16/06/2023 Dezenas: 01 03 04 05 06 10 12 13 15 16 17 18 20 21 24
Concurso: 2838 Data: 15/06/2023 Dezenas: 03 04 05 06 07 08 10 11 12 13 15 16 21 23 25
Concurso: 2837 Data: 14/06/2023 Dezenas: 01 02 05 06 08 10 12 17 18 19 20 21 22 24 25
Concurso: 2836 Data: 13/06/2023 Dezenas: 01 02 03 04 07 09 12 14 15 17 18 20 21 22 23
Concurso: 2835 Data: 12/06/2023 Dezenas: 02 04 06 07 08 09 10 12 13 14 15 16 21 22 25
Concurso: 2834 Data: 10/06/2023 Dezenas: 01 06 08 10 11 12 13 14 17 19 20 21 22 23 25
Concurso: 2833 Data: 09/06/2023 Dezenas: 02 03 04 05 06 11 13 14 16 18 19 22 23 24 25
Concurso: 2832 Data: 07/06/2023 Dezenas: 01 02 03 05 06 11 14 15 16 19 20 21 22 23 24
Concurso: 2831 Data: 06/06/2023 Dezenas: 02 03 05 07 10 11 13 14 15 16 17 19 20 22 25
Concurso: 2830 Data: 05/06/2023 Dezenas: 02 03 04 08 09 10 11 12 13 17 18 20 21 22 25
Concurso: 2829 Data: 03/06/2023 Dezenas: 02 03 05 06 07 08 09 10 11 13 14 15 17 18 25
Concurso: 2828 Data: 02/06/2023 Dezenas: 01 05 06 08 11 12 14 15 16 17 18 19 20 21 25
Concurso: 2827 Data: 01/06/2023 Dezenas: 01 02 03 05 06 07 10 13 15 16 17 18 19 21 24
Concurso: 2826 Data: 31/05/2023 Dezenas: 01 02 03 05 07 09 11 12 13 16 17 18 19 21 23
Concurso: 2825 Data: 30/05/2023 Dezenas: 02 03 04 06 07 08 09 14 17 18 20 21 22 24 25
Concurso: 2824 Data: 29/05/2023 Dezenas: 01 02 05 07 09 12 13 14 15 16 20 21 22 24 25
Concurso: 2823 Data: 27/05/2023 Dezenas: 01 04 06 13 14 15 16 17 18 19 20 21 23 24 25
Concurso: 2822 Data: 26/05/2023 Dezenas: 01 03 04 05 06 09 10 11 12 17 20 21 23 24 25
Concurso: 2821 Data: 25/05/2023 Dezenas: 02 03 04 05 06 08 09 10 12 13 19 20 21 22 23
Concurso: 2820 Data: 24/05/2023 Dezenas: 04 05 06 09 10 12 13 14 17 18 19 20 21 23 25
Concurso: 2819 Data: 23/05/2023 Dezenas: 01 02 04 05 06 08 10 11 14 18 20 21 22 23 24
Concurso: 2818 Data: 22/05/2023 Dezenas: 01 02 03 04 05 07 09 10 11 12 13 14 15 17 24
Concurso: 2817 Data: 20/05/2023 Dezenas: 03 04 05 07 08 12 13 17 18 19 20 21 22 24 25
Concurso: 2816 Data: 19/05/2023 Dezenas: 01 02 08 09 11 13 14 15 16 18 19 21 22 24 25
Concurso: 2815 Data: 18/05/2023 Dezenas: 03 04 05 06 07 08 09 10 13 16 18 19 22 24 25
Concurso: 2814 Data: 17/05/2023 Dezenas: 01 02 04 07 08 11 12 13 15 19 20 22 23 24 25
Concurso: 2813 Data: 16/05/2023 Dezenas: 01 02 03 04 07 11 13 14 15 18 19 21 22 24 25
Concurso: 2812 Data: 15/05/2023 Dezenas: 01 03 08 11 12 13 14 15 19 20 21 22 23 24 25
Concurso: 2811 Data: 13/05/2023 Dezenas: 02 03 04 05 06 07 08 09 10 11 15 16 22 23 25
Concurso: 2810 Data: 12/05/2023 Dezenas: 02 04 05 07 10 11 12 13 14 18 19 20 23 24 25
Concurso: 2809 Data: 11/05/2023 Dezenas: 01 02 04 05 07 08 13 15 18 19 20 21 22 24 25
Concurso: 2808 Data: 10/05/2023 Dezenas: 04 06 08 09 10 12 13 14 15 18 19 20 21 22 24
Concurso: 2807 Data: 09/05/2023 Dezenas: 01 03 05 06 07 09 10 11 12 13 14 15 16 22 24
Concurso: 2806 Data: 08/05/2023 Dezenas: 01 02 03 04 05 11 12 13 14 16 17 19 20 23 25
Concurso: 2805 Data: 06/05/2023 Dezenas: 05 06 07 08 10 11 12 13 14 18 19 20 22 23 25
Concurso: 2804 Data: 05/05/2023 Dezenas: 02 03 04 07 08 09 10 11 12 13 14 16 21 23 24
Concurso: 2803 Data: 04/05/2023 Dezenas: 01 05 06 07 08 09 12 13 14 16 18 20 21 24 25
Concurso: 2802 Data: 03/05/2023 Dezenas: 01 02 03 04 06 08 09 12 13 16 17 18 22 23 25
Concurso: 2801 Data: 02/05/2023 Dezenas: 01 02 03 07 09 12 15 16 17 18 19 20 22 24 25
Concurso: 2800 Data: 29/04/2023 Dezenas: 02 03 05 06 07 09 13 14 15 16 17 20 21 22 23
Concurso: 2799 Data: 28/04/2023 Dezenas: 01 03 06 09 10 11 13 14 15 16 18 20 21 22 23
Concurso: 2798 Data: 27/04/2023 Dezenas: 01 02 03 05 07 08 12 14 15 16 18 20 22 23 24
Concurso: 2797 Data: 26/04/2023 Dezenas: 03 04 05 06 10 11 13 14 16 18 19 20 22 23 25
Concurso: 2796 Data: 25/04/2023 Dezenas: 01 03 04 07 09 10 12 15 16 19 20 21 22 24 25
Concurso: 2795 Data: 24/04/2023 Dezenas: 01 02 03 04 05 06 07 08 09 11 15 18 19 22 25
Concurso: 2794 Data: 22/04/2023 Dezenas: 01 02 03 05 06 08 10 14 15 16 17 20 21 22 25
Concurso: 2793 Data: 20/04/2023 Dezenas: 02 03 04 05 06 07 08 13 14 15 18 20 21 22 24
Concurso: 2792 Data: 19/04/2023 Dezenas: 01 03 06 08 09 10 11 13 16 17 18 20 21 23 25
Concurso: 2791 Data: 18/04/2023 Dezenas: 03 04 06 08 10 11 14 15 16 17 20 22 23 24 25
Concurso: 2790 Data: 17/04/2023 Dezenas: 02 03 05 07 08 09 10 11 12 13 16 20 21 22 25
Concurso: 2789 Data: 15/04/2023 Dezenas: 03 04 06 07 08 09 10 12 13 14 15 18 19 20 25
Concurso: 2788 Data: 14/04/2023 Dezenas: 02 03 05 06 07 08 09 10 12 14 15 19 20 24 25
Concurso: 2787 Data: 13/04/2023 Dezenas: 01 04 07 09 11 12 14 16 18 19 21 22 23 24 25
Concurso: 2786 Data: 12/04/2023 Dezenas: 01 02 03 05 06 07 10 12 15 16 17 18 21 23 25
Concurso: 2785 Data: 11/04/2023 Dezenas: 01 04 05 09 11 14 15 17 18 19 20 21 23 24 25
Concurso: 2784 Data: 10/04/2023 Dezenas: 01 02 03 04 06 07 08 10 11 14 15 19 21 22 25
Concurso: 2783 Data: 08/04/2023 Dezenas: 02 04 07 08 09 10 11 13 15 19 20 21 22 24 25
Concurso: 2782 Data: 06/04/2023 Dezenas: 01 04 06 09 10 11 12 16 17 18 19 20 22 23 24
Concurso: 2781 Data: 05/04/2023 Dezenas: 03 04 05 07 08 10 14 15 16 17 18 20 23 24 25
Concurso: 2780 Data: 04/04/2023 Dezenas: 03 04 07 09 10 11 13 14 17 19 20 21 22 23 24
Concurso: 2779 Data: 03/04/2023 Dezenas: 01 02 06 07 08 09 10 11 12 15 18 20 21 23 25
Concurso: 2778 Data: 01/04/2023 Dezenas: 01 04 05 06 09 10 11 12 13 15 18 19 20 22 25
Concurso: 2777 Data: 31/03/2023 Dezenas: 03 06 07 08 09 11 12 13 14 15 17 20 21 24 25
Concurso: 2776 Data: 30/03/2023 Dezenas: 01 02 04 05 08 12 13 14 15 17 18 19 20 22 23
Concurso: 2775 Data: 29/03/2023 Dezenas: 01 02 03 04 08 12 14 15 18 19 20 22 23 24 25
Concurso: 2774 Data: 28/03/2023 Dezenas: 01 02 04 06 08 12 13 15 18 20 21 22 23 24 25
Concurso: 2773 Data: 27/03/2023 Dezenas: 01 02 03 04 05 07 11 14 16 18 20 21 22 23 24
Concurso: 2772 Data: 25/03/2023 Dezenas: 01 02 05 07 08 09 10 11 12 16 17 19 23 24 25
Concurso: 2771 Data: 24/03/2023 Dezenas: 04 06 07 08 09 12 15 16 17 18 19 20 22 23 25
Concurso: 2770 Data: 23/03/2023 Dezenas: 02 03 04 06 08 10 11 12 13 15 18 19 20 21 23
Concurso: 2769 Data: 22/03/2023 Dezenas: 01 02 03 05 07 08 10 11 12 16 17 18 21 24 25
Concurso: 2768 Data: 21/03/2023 Dezenas: 01 04 05 07 09 11 13 14 15 16 19 20 22 23 25
Concurso: 2767 Data: 20/03/2023 Dezenas: 02 03 06 07 08 11 15 16 17 18 19 20 21 22 24
Concurso: 2766 Data: 18/03/2023 Dezenas: 01 03 04 06 08 09 11 14 15 17 19 21 22 23 25
Concurso: 2765 Data: 17/03/2023 Dezenas: 02 03 05 06 07 11 14 15 16 19 20 21 23 24 25
Concurso: 2764 Data: 16/03/2023 Dezenas: 01 02 04 05 07 10 11 12 13 16 19 20 23 24 25
Concurso: 2763 Data: 15/03/2023 Dezenas: 01 02 04 06 08 09 10 11 13 15 16 18 19 20 23
Concurso: 2762 Data: 14/03/2023 Dezenas: 02 05 06 09 10 11 12 13 16 17 19 21 22 23 24
Concurso: 2761 Data: 13/03/2023 Dezenas: 01 02 03 04 08 11 13 14 15 17 18 19 20 21 22
Concurso: 2760 Data: 11/03/2023 Dezenas: 01 02 04 06 07 10 11 13 14 15 17 18 20 22 24
Concurso: 2759 Data: 10/03/2023 Dezenas: 02 03 07 09 10 11 12 13 15 17 18 19 20 21 23
Concurso: 2758 Data: 09/03/2023 Dezenas: 01 02 03 04 07 10 11 12 13 16 18 21 22 23 24
Concurso: 2757 Data: 08/03/2023 Dezenas: 01 03 05 06 07 08 09 10 12 13 17 18 19 23 25
Concurso: 2756 Data: 07/03/2023 Dezenas: 01 02 05 06 08 10 11 12 14 15 18 20 21 22 23
Concurso: 2755 Data: 06/03/2023 Dezenas: 01 03 05 07 08 09 10 11 12 15 16 17 21 22 23
Concurso: 2754 Data: 04/03/2023 Dezenas: 02 03 04 08 09 10 13 14 16 17 18 19 20 24 25
Concurso: 2753 Data: 03/03/2023 Dezenas: 02 05 07 08 11 12 14 16 17 18 20 21 22 24 25
Concurso: 2752 Data: 02/03/2023 Dezenas: 02 03 04 07 10 11 12 15 16 17 20 21 22 23 25
Concurso: 2751 Data: 01/03/2023 Dezenas: 01 02 03 05 09 10 12 13 15 16 17 19 23 24 25
Concurso: 2750 Data: 28/02/2023 Dezenas: 01 02 06 07 08 09 11 13 14 16 17 18 21 22 23
Concurso: 2749 Data: 27/02/2023 Dezenas: 02 05 06 07 09 10 12 13 14 16 18 20 21 22 24
Concurso: 2748 Data: 25/02/2023 Dezenas: 01 02 04 05 06 08 09 10 12 14 16 19 22 23 24
Concurso: 2747 Data: 24/02/2023 Dezenas: 01 02 05 07 08 10 11 12 14 17 18 19 20 21 25
Concurso: 2746 Data: 23/02/2023 Dezenas: 01 03 04 06 07 10 11 12 13 17 18 19 23 24 25
Concurso: 2745 Data: 22/02/2023 Dezenas: 01 06 07 09 10 11 12 14 15 17 19 22 23 24 25
Concurso: 2744 Data: 18/02/2023 Dezenas: 01 02 03 04 06 07 08 09 11 12 15 20 21 23 25
Concurso: 2743 Data: 17/02/2023 Dezenas: 01 04 06 08 09 12 13 16 17 18 19 20 22 23 24
Concurso: 2742 Data: 16/02/2023 Dezenas: 01 02 04 05 07 09 11 12 13 14 15 17 18 20 22
Concurso: 2741 Data: 15/02/2023 Dezenas: 01 02 04 05 06 07 08 09 13 15 18 22 23 24 25
Concurso: 2740 Data: 14/02/2023 Dezenas: 02 03 05 06 07 08 09 10 11 13 14 15 17 19 23
Concurso: 2739 Data: 13/02/2023 Dezenas: 01 02 03 04 05 06 07 11 13 15 16 18 22 23 25
Concurso: 2738 Data: 11/02/2023 Dezenas: 01 03 04 10 11 12 13 14 15 16 19 20 21 24 25
Concurso: 2737 Data: 10/02/2023 Dezenas: 03 04 05 07 09 10 11 16 17 18 19 20 23 24 25
Concurso: 2736 Data: 09/02/2023 Dezenas: 01 03 06 08 11 12 14 15 17 18 19 20 21 23 25
Concurso: 2735 Data: 08/02/2023 Dezenas: 01 02 04 05 06 08 09 11 12 14 17 18 21 23 24
Concurso: 2734 Data: 07/02/2023 Dezenas: 01 03 05 06 08 10 11 12 14 15 17 18 21 22 23
Concurso: 2733 Data: 06/02/2023 Dezenas: 01 03 04 06 07 08 10 11 12 14 19 21 22 24 25
Concurso: 2732 Data: 04/02/2023 Dezenas: 02 03 05 06 08 10 12 15 16 18 19 20 21 24 25
Concurso: 2731 Data: 03/02/2023 Dezenas: 01 03 07 08 09 11 12 13 14 18 19 20 21 23 25
Concurso: 2730 Data: 02/02/2023 Dezenas: 02 04 07 10 11 13 14 15 16 19 20 21 23 24 25
Concurso: 2729 Data: 01/02/2023 Dezenas: 02 04 05 06 08 09 10 12 13 14 19 20 21 22 25
Concurso: 2728 Data: 31/01/2023 Dezenas: 01 02 03 04 05 09 10 11 13 14 16 17 18 20 22
Concurso: 2727 Data: 30/01/2023 Dezenas: 02 03 04 08 09 10 11 12 13 16 17 18 19 20 23
Concurso: 2726 Data: 28/01/2023 Dezenas: 02 05 06 08 09 10 11 14 16 17 18 19 20 21 23
Concurso: 2725 Data: 27/01/2023 Dezenas: 01 02 04 05 07 08 09 10 11 12 14 17 22 23 24
Concurso: 2724 Data: 26/01/2023 Dezenas: 01 03 05 06 08 12 13 14 17 19 20 21 22 24 25
Concurso: 2723 Data: 25/01/2023 Dezenas: 01 02 03 06 07 08 10 12 15 17 20 21 22 23 24
Concurso: 2722 Data: 24/01/2023 Dezenas: 01 02 03 04 05 06 08 12 18 20 21 22 23 24 25
Concurso: 2721 Data: 23/01/2023 Dezenas: 01 03 05 08 10 11 12 13 14 16 18 19 20 21 25
Concurso: 2720 Data: 21/01/2023 Dezenas: 01 04 05 06 07 08 09 11 13 15 17 19 21 22 23
Concurso: 2719 Data: 20/01/2023 Dezenas: 01 04 05 06 08 10 11 13 14 15 17 19 22 23 24
Concurso: 2718 Data: 19/01/2023 Dezenas: 01 02 03 04 06 07 08 12 15 19 20 21 22 23 25
Concurso: 2717 Data: 18/01/2023 Dezenas: 02 03 04 05 09 10 11 14 15 16 17 20 21 22 24
Concurso: 2716 Data: 17/01/2023 Dezenas: 01 04 06 08 09 10 13 14 15 17 18 19 20 21 24
Concurso: 2715 Data: 16/01/2023 Dezenas: 02 04 06 07 11 12 13 14 15 17 18 19 22 23 25
Concurso: 2714 Data: 14/01/2023 Dezenas: 02 03 05 06 08 09 11 13 16 17 18 21 23 24 25
Concurso: 2713 Data: 13/01/2023 Dezenas: 02 03 05 06 07 08 09 12 15 18 19 20 21 22 24
Concurso: 2712 Data: 12/01/2023 Dezenas: 02 03 08 11 12 13 16 17 18 19 20 22 23 24 25
Concurso: 2711 Data: 11/01/2023 Dezenas: 01 03 04 08 11 12 15 16 18 19 20 22 23 24 25
Concurso: 2710 Data: 10/01/2023 Dezenas: 01 02 03 04 07 10 11 12 13 14 16 17 20 24 25
Concurso: 2709 Data: 09/01/2023 Dezenas: 01 02 03 05 09 10 11 12 13 19 21 22 23 24 25
Concurso: 2708 Data: 07/01/2023 Dezenas: 01 02 03 05 06 13 14 16 18 19 21 22 23 24 25
Concurso: 2707 Data: 06/01/2023 Dezenas: 01 02 04 05 08 09 10 11 14 15 16 17 18 21 25
Concurso: 2706 Data: 05/01/2023 Dezenas: 01 03 04 07 08 09 10 11 12 13 15 18 21 22 25
Concurso: 2705 Data: 04/01/2023 Dezenas: 02 03 04 07 08 09 14 16 17 18 19 20 22 24 25
Concurso: 2704 Data: 03/01/2023 Dezenas: 02 05 07 08 09 10 11 12 13 16 18 19 20 21 23
Concurso: 2703 Data: 31/12/2022 Dezenas: 01 02 05 07 09 10 12 13 14 17 19 20 21 23 24
Concurso: 2702 Data: 30/12/2022 Dezenas: 01 02 04 06 07 10 14 15 16 17 18 19 21 23 25
Concurso: 2701 Data: 29/12/2022 Dezenas: 01 03 04 05 07 09 12 14 16 18 19 21 22 23 25
Concurso: 2700 Data: 28/12/2022 Dezenas: 03 04 05 06 07 09 13 14 16 17 19 21 22 24 25
Concurso: 2699 Data: 27/12/2022 Dezenas: 01 03 04 06 07 08 11 13 14 15 16 20 22 23 24
Concurso: 2698 Data: 26/12/2022 Dezenas: 01 02 03 04 05 08 09 10 12 17 20 22 23 24 25
Concurso: 2697 Data: 24/12/2022 Dezenas: 02 05 06 09 10 11 13 14 15 18 19 20 21 22 25
Concurso: 2696 Data: 23/12/2022 Dezenas: 01 02 03 04 06 07 08 09 11 13 14 15 16 18 22
Concurso: 2695 Data: 22/12/2022 Dezenas: 01 02 08 09 10 11 12 13 15 17 20 21 23 24 25
Concurso: 2694 Data: 21/12/2022 Dezenas: 03 05 07 08 09 10 11 12 13 14 15 20 21 23 24
Concurso: 2693 Data: 20/12/2022 Dezenas: 03 07 08 09 10 13 14 15 16 19 20 21 22 24 25
Concurso: 2692 Data: 19/12/2022 Dezenas: 01 02 03 04 06 08 09 11 13 14 15 20 21 22 24
Concurso: 2691 Data: 17/12/2022 Dezenas: 01 02 06 09 10 11 12 13 15 17 18 19 21 24 25
Concurso: 2690 Data: 16/12/2022 Dezenas: 01 03 05 06 07 08 11 12 15 17 18 20 21 23 24
Concurso: 2689 Data: 15/12/2022 Dezenas: 02 03 04 05 08 09 10 14 15 16 18 21 22 23 24
Concurso: 2688 Data: 14/12/2022 Dezenas: 02 04 05 06 07 08 10 11 14 16 17 18 20 22 25
Concurso: 2687 Data: 13/12/2022 Dezenas: 03 04 05 06 07 10 11 13 14 15 16 19 20 21 22
Concurso: 2686 Data: 12/12/2022 Dezenas: 01 03 04 05 07 08 09 13 14 15 16 19 20 21 24
Concurso: 2685 Data: 10/12/2022 Dezenas: 04 05 06 07 08 09 11 16 17 18 20 21 22 24 25
Concurso: 2684 Data: 09/12/2022 Dezenas: 02 04 06 07 08 09 10 11 12 13 15 20 22 23 25
Concurso: 2683 Data: 08/12/2022 Dezenas: 01 02 03 04 08 10 11 12 13 14 20 21 22 23 25
Concurso: 2682 Data: 07/12/2022 Dezenas: 03 04 06 07 08 09 10 11 12 14 15 16 19 23 24
Concurso: 2681 Data: 06/12/2022 Dezenas: 02 04 07 08 10 12 13 14 16 17 18 19 21 22 24
Concurso: 2680 Data: 05/12/2022 Dezenas: 01 02 04 05 09 10 11 13 15 16 17 19 20 23 24
Concurso: 2679 Data: 03/12/2022 Dezenas: 04 05 06 07 08 09 10 12 13 16 19 20 22 24 25
Concurso: 2678 Data: 02/12/2022 Dezenas: 02 04 05 06 07 08 09 10 11 15 16 17 20 22 24
Concurso: 2677 Data: 01/12/2022 Dezenas: 01 03 04 06 08 10 11 12 14 16 17 18 21 22 24
Concurso: 2676 Data: 30/11/2022 Dezenas: 02 06 08 09 11 13 14 15 16 18 19 21 22 23 25
Concurso: 2675 Data: 29/11/2022 Dezenas: 02 04 07 09 10 12 13 14 16 18 20 22 23 24 25
Concurso: 2674 Data: 28/11/2022 Dezenas: 01 02 03 04 05 07 08 11 12 13 14 15 16 20 25
Concurso: 2673 Data: 26/11/2022 Dezenas: 02 03 04 05 07 08 10 11 12 14 15 20 22 23 24
Concurso: 2672 Data: 25/11/2022 Dezenas: 02 03 05 06 09 10 11 13 15 16 17 19 21 22 24
Concurso: 2671 Data: 24/11/2022 Dezenas: 01 02 05 07 08 09 10 11 12 13 18 20 21 22 25
Concurso: 2670 Data: 23/11/2022 Dezenas: 01 03 05 07 08 13 15 17 18 19 21 22 23 24 25
Concurso: 2669 Data: 22/11/2022 Dezenas: 01 04 06 07 08 09 10 11 14 15 19 20 21 24 25
Concurso: 2668 Data: 21/11/2022 Dezenas: 01 03 05 08 09 13 15 16 17 18 19 20 22 23 24
Concurso: 2667 Data: 19/11/2022 Dezenas: 01 02 03 04 08 09 10 11 13 15 19 20 23 24 25
Concurso: 2666 Data: 18/11/2022 Dezenas: 02 03 04 07 08 10 11 12 13 19 20 21 22 23 24
Concurso: 2665 Data: 17/11/2022 Dezenas: 03 06 07 08 09 11 12 13 15 16 18 19 20 21 25
Concurso: 2664 Data: 16/11/2022 Dezenas: 01 04 05 06 07 08 09 10 11 12 17 18 23 24 25
Concurso: 2663 Data: 14/11/2022 Dezenas: 01 03 05 06 07 11 12 13 14 16 18 19 21 22 25
Concurso: 2662 Data: 12/11/2022 Dezenas: 03 04 05 06 09 10 12 13 14 16 17 19 20 22 23
Concurso: 2661 Data: 11/11/2022 Dezenas: 01 03 04 05 06 08 09 10 12 15 16 17 18 22 25
Concurso: 2660 Data: 10/11/2022 Dezenas: 01 02 03 06 08 10 13 14 15 16 18 19 21 24 25
Concurso: 2659 Data: 09/11/2022 Dezenas: 01 03 05 07 10 11 13 15 18 19 20 21 22 23 24
Concurso: 2658 Data: 08/11/2022 Dezenas: 01 02 03 04 05 08 09 10 12 14 15 16 18 21 24
Concurso: 2657 Data: 07/11/2022 Dezenas: 01 02 03 05 06 07 08 10 12 13 15 16 17 21 24
Concurso: 2656 Data: 05/11/2022 Dezenas: 02 03 04 07 09 10 11 12 13 17 18 19 20 21 25
Concurso: 2655 Data: 04/11/2022 Dezenas: 01 05 06 08 09 11 13 14 15 16 19 20 21 22 23
Concurso: 2654 Data: 03/11/2022 Dezenas: 01 03 05 06 09 10 13 15 16 17 19 20 21 24 25
Concurso: 2653 Data: 01/11/2022 Dezenas: 02 03 07 08 09 10 12 13 14 15 17 18 19 20 21
Concurso: 2652 Data: 31/10/2022 Dezenas: 01 03 04 05 06 08 10 12 14 15 16 17 19 24 25
Concurso: 2651 Data: 29/10/2022 Dezenas: 03 04 10 11 12 13 15 16 17 18 19 22 23 24 25
Concurso: 2650 Data: 28/10/2022 Dezenas: 02 04 05 06 07 09 11 12 13 14 15 18 19 20 22
Concurso: 2649 Data: 27/10/2022 Dezenas: 02 03 06 07 08 10 12 14 15 16 17 19 20 23 24
Concurso: 2648 Data: 26/10/2022 Dezenas: 04 07 08 10 11 12 13 14 15 16 17 18 20 22 25
Concurso: 2647 Data: 25/10/2022 Dezenas: 01 03 04 05 06 09 10 13 16 17 18 19 22 24 25
Concurso: 2646 Data: 24/10/2022 Dezenas: 02 03 06 08 09 10 12 13 14 15 17 20 22 23 25
Concurso: 2645 Data: 22/10/2022 Dezenas: 01 02 03 05 06 07 11 12 13 14 15 17 18 20 24
Concurso: 2644 Data: 21/10/2022 Dezenas: 01 02 05 06 08 10 11 12 13 15 16 17 18 19 20
Concurso: 2643 Data: 20/10/2022 Dezenas: 01 02 03 04 06 09 11 12 13 16 18 19 20 22 25
Concurso: 2642 Data: 19/10/2022 Dezenas: 02 04 05 08 09 13 14 15 16 17 19 20 21 22 24
Concurso: 2641 Data: 18/10/2022 Dezenas: 01 03 04 05 07 08 09 12 13 14 17 19 20 23 24
Concurso: 2640 Data: 17/10/2022 Dezenas: 03 06 07 09 10 11 12 14 15 16 18 19 21 22 25
Concurso: 2639 Data: 15/10/2022 Dezenas: 02 03 07 08 09 11 12 14 15 16 18 20 21 22 24
Concurso: 2638 Data: 14/10/2022 Dezenas: 02 04 05 09 10 12 14 15 18 19 21 22 23 24 25
Concurso: 2637 Data: 13/10/2022 Dezenas: 02 04 05 08 09 10 12 13 19 20 21 22 23 24 25
Concurso: 2636 Data: 11/10/2022 Dezenas: 01 03 04 05 07 08 09 10 11 13 15 18 22 24 25
Concurso: 2635 Data: 10/10/2022 Dezenas: 02 04 05 06 08 10 11 13 14 15 17 20 21 23 25
Concurso: 2634 Data: 08/10/2022 Dezenas: 01 02 03 04 07 09 10 14 15 16 18 20 21 22 24
Concurso: 2633 Data: 07/10/2022 Dezenas: 01 03 04 06 09 11 12 14 15 16 17 18 19 24 25
Concurso: 2632 Data: 06/10/2022 Dezenas: 01 04 05 07 09 11 12 13 15 16 17 19 20 21 22
Concurso: 2631 Data: 05/10/2022 Dezenas: 02 04 05 06 07 08 11 14 17 18 19 20 21 23 24
Concurso: 2630 Data: 04/10/2022 Dezenas: 01 02 03 06 08 09 10 13 14 16 17 20 21 22 25
Concurso: 2629 Data: 03/10/2022 Dezenas: 02 03 04 05 06 07 09 10 12 13 14 19 21 22 25
Concurso: 2628 Data: 01/10/2022 Dezenas: 01 04 09 10 11 12 13 14 15 17 20 21 22 23 25
Concurso: 2627 Data: 30/09/2022 Dezenas: 01 03 07 08 09 10 13 14 16 17 20 21 22 24 25
Concurso: 2626 Data: 29/09/2022 Dezenas: 03 04 05 06 08 10 11 12 13 14 17 20 22 23 24
Concurso: 2625 Data: 28/09/2022 Dezenas: 03 04 05 07 08 09 10 11 12 13 18 19 20 21 25
Concurso: 2624 Data: 27/09/2022 Dezenas: 02 04 05 07 08 12 14 17 18 20 21 22 23 24 25
Concurso: 2623 Data: 26/09/2022 Dezenas: 01 04 05 06 07 10 11 12 13 15 16 18 22 23 24
Concurso: 2622 Data: 24/09/2022 Dezenas: 01 02 03 04 05 06 08 09 10 12 13 17 19 20 25
Concurso: 2621 Data: 23/09/2022 Dezenas: 02 03 04 05 07 09 10 11 12 14 15 20 22 23 25
Concurso: 2620 Data: 22/09/2022 Dezenas: 01 02 03 05 07 09 10 11 13 14 15 16 18 19 23
Concurso: 2619 Data: 21/09/2022 Dezenas: 03 04 05 06 07 09 10 11 12 13 15 16 17 20 25
Concurso: 2618 Data: 20/09/2022 Dezenas: 01 02 03 04 05 06 07 09 11 16 17 18 19 20 25
Concurso: 2617 Data: 19/09/2022 Dezenas: 01 03 05 06 07 08 10 11 12 13 17 18 22 24 25
Concurso: 2616 Data: 17/09/2022 Dezenas: 01 02 03 04 06 07 09 10 12 14 16 18 21 22 25
Concurso: 2615 Data: 16/09/2022 Dezenas: 02 03 05 06 08 09 10 14 15 17 19 20 21 22 25
Concurso: 2614 Data: 15/09/2022 Dezenas: 01 02 03 04 06 10 13 16 17 19 20 21 23 24 25
Concurso: 2613 Data: 14/09/2022 Dezenas: 01 02 03 05 06 08 11 14 15 16 18 19 20 21 25
Concurso: 2612 Data: 13/09/2022 Dezenas: 01 03 06 09 10 11 13 16 17 18 19 20 21 23 25
Concurso: 2611 Data: 12/09/2022 Dezenas: 02 03 04 05 06 07 08 13 14 15 17 19 21 22 25
Concurso: 2610 Data: 10/09/2022 Dezenas: 01 03 05 07 08 09 10 11 12 15 16 17 20 22 24
Concurso: 2609 Data: 26/08/2022 Dezenas: 03 05 06 07 09 11 12 15 17 18 19 20 21 24 25
Concurso: 2608 Data: 25/08/2022 Dezenas: 01 02 04 08 09 11 12 14 15 17 18 19 23 24 25
Concurso: 2607 Data: 24/08/2022 Dezenas: 01 03 05 07 08 09 10 14 16 17 18 22 23 24 25
Concurso: 2606 Data: 23/08/2022 Dezenas: 03 06 07 08 09 10 11 14 16 18 19 20 21 23 24
Concurso: 2605 Data: 22/08/2022 Dezenas: 01 02 05 07 09 11 12 15 16 19 21 22 23 24 25
Concurso: 2604 Data: 20/08/2022 Dezenas: 04 05 06 07 09 12 13 14 15 16 18 19 20 22 23
Concurso: 2603 Data: 19/08/2022 Dezenas: 02 03 05 07 09 10 11 13 15 17 19 20 21 24 25
Concurso: 2602 Data: 18/08/2022 Dezenas: 01 02 03 04 05 06 08 10 11 12 16 18 19 20 23
Concurso: 2601 Data: 17/08/2022 Dezenas: 01 03 04 05 06 07 13 15 16 17 20 21 22 23 24
Concurso: 2600 Data: 16/08/2022 Dezenas: 02 05 07 09 10 11 12 14 15 16 18 22 23 24 25
Concurso: 2599 Data: 15/08/2022 Dezenas: 01 02 03 04 06 08 09 10 11 13 17 18 19 22 23
Concurso: 2598 Data: 13/08/2022 Dezenas: 01 03 06 09 10 11 12 13 14 17 18 19 20 23 25
Concurso: 2597 Data: 12/08/2022 Dezenas: 04 07 08 09 11 12 13 14 15 16 17 19 21 23 25
Concurso: 2596 Data: 11/08/2022 Dezenas: 02 05 06 09 11 12 13 14 15 16 17 19 20 24 25
Concurso: 2595 Data: 10/08/2022 Dezenas: 02 03 04 06 09 10 12 14 16 17 18 20 22 24 25
Concurso: 2594 Data: 09/08/2022 Dezenas: 04 05 09 11 12 14 15 16 18 20 21 22 23 24 25
Concurso: 2593 Data: 08/08/2022 Dezenas: 01 05 06 08 09 10 12 13 15 17 20 21 22 23 24
Concurso: 2592 Data: 06/08/2022 Dezenas: 01 02 04 05 06 07 10 14 15 18 19 21 22 23 25
Concurso: 2591 Data: 05/08/2022 Dezenas: 01 02 03 04 05 07 09 11 12 14 17 20 21 23 24
Concurso: 2590 Data: 04/08/2022 Dezenas: 01 03 04 05 07 09 10 13 15 16 18 20 21 24 25
Concurso: 2589 Data: 03/08/2022 Dezenas: 01 02 04 05 07 08 09 10 14 15 18 21 22 24 25
Concurso: 2588 Data: 02/08/2022 Dezenas: 03 04 05 08 09 10 14 15 17 18 21 22 23 24 25
Concurso: 2587 Data: 01/08/2022 Dezenas: 03 04 06 07 08 09 11 13 15 16 19 20 21 22 24
Concurso: 2586 Data: 30/07/2022 Dezenas: 01 02 07 08 12 13 15 16 18 19 20 21 22 23 24
Concurso: 2585 Data: 29/07/2022 Dezenas: 03 04 06 07 08 10 12 17 18 20 21 22 23 24 25
Concurso: 2584 Data: 28/07/2022 Dezenas: 03 04 05 07 08 10 11 12 13 14 15 16 22 23 24
Concurso: 2583 Data: 27/07/2022 Dezenas: 01 02 05 07 08 10 11 13 14 15 16 18 19 23 24
Concurso: 2582 Data: 26/07/2022 Dezenas: 01 03 04 05 08 10 11 12 13 15 16 18 19 21 24
Concurso: 2581 Data: 25/07/2022 Dezenas: 01 02 03 04 07 08 11 12 15 16 17 19 20 21 22
Concurso: 2580 Data: 23/07/2022 Dezenas: 01 05 07 08 10 11 12 13 14 15 16 18 20 22 25
Concurso: 2579 Data: 22/07/2022 Dezenas: 01 03 04 07 08 10 12 15 16 17 18 19 22 23 25
Concurso: 2578 Data: 21/07/2022 Dezenas: 01 02 03 04 07 08 09 10 12 14 15 16 20 22 25
Concurso: 2577 Data: 20/07/2022 Dezenas: 01 04 06 07 08 09 12 13 14 18 20 21 23 24 25
Concurso: 2576 Data: 19/07/2022 Dezenas: 01 02 05 06 07 10 13 15 16 18 19 20 21 24 25
Concurso: 2575 Data: 18/07/2022 Dezenas: 02 03 05 06 07 08 10 11 14 15 16 17 21 23 25
Concurso: 2574 Data: 16/07/2022 Dezenas: 01 02 03 07 09 10 11 12 14 16 17 19 20 21 25
Concurso: 2573 Data: 15/07/2022 Dezenas: 02 06 09 10 11 12 13 15 16 17 18 19 20 22 23
Concurso: 2572 Data: 14/07/2022 Dezenas: 01 03 05 07 08 09 11 12 13 14 15 16 21 23 24
Concurso: 2571 Data: 13/07/2022 Dezenas: 02 04 05 07 10 14 15 16 17 19 20 21 23 24 25
Concurso: 2570 Data: 12/07/2022 Dezenas: 01 03 04 05 06 07 09 10 11 13 16 18 20 23 25
Concurso: 2569 Data: 11/07/2022 Dezenas: 03 05 12 13 14 15 16 17 18 19 20 21 22 23 25
Concurso: 2568 Data: 09/07/2022 Dezenas: 01 02 04 06 08 09 11 12 14 15 17 20 21 22 24
Concurso: 2567 Data: 08/07/2022 Dezenas: 01 02 03 04 05 07 11 12 13 14 15 19 20 21 24
Concurso: 2566 Data: 07/07/2022 Dezenas: 01 02 10 11 12 13 14 15 16 18 19 20 21 23 24
Concurso: 2565 Data: 06/07/2022 Dezenas: 01 02 05 07 09 10 11 12 14 15 16 18 20 22 25
Concurso: 2564 Data: 05/07/2022 Dezenas: 02 04 06 07 08 11 15 16 17 18 21 22 23 24 25
Concurso: 2563 Data: 04/07/2022 Dezenas: 03 04 06 08 09 12 15 17 18 19 21 22 23 24 25
Concurso: 2562 Data: 02/07/2022 Dezenas: 02 03 06 07 09 10 11 14 16 17 20 21 22 24 25
Concurso: 2561 Data: 01/07/2022 Dezenas: 01 02 03 05 06 07 12 13 15 16 17 18 20 21 23
Concurso: 2560 Data: 30/06/2022 Dezenas: 01 02 04 05 06 08 09 11 14 16 18 20 23 24 25
Concurso: 2559 Data: 29/06/2022 Dezenas: 01 03 05 07 08 09 10 12 13 14 16 17 19 21 25
Concurso: 2558 Data: 28/06/2022 Dezenas: 03 04 05 06 10 12 14 15 16 17 20 21 22 24 25
Concurso: 2557 Data: 27/06/2022 Dezenas: 02 03 04 05 06 07 08 09 10 11 12 17 18 21 22
Concurso: 2556 Data: 25/06/2022 Dezenas: 01 02 05 10 11 12 15 17 18 20 21 22 23 24 25
Concurso: 2555 Data: 24/06/2022 Dezenas: 02 03 04 06 07 08 11 12 16 17 18 21 22 23 25
Concurso: 2554 Data: 23/06/2022 Dezenas: 02 03 04 08 10 11 13 15 16 17 18 19 20 22 24
Concurso: 2553 Data: 22/06/2022 Dezenas: 01 02 04 05 07 08 09 11 13 14 17 18 19 21 25
Concurso: 2552 Data: 21/06/2022 Dezenas: 01 03 04 05 09 10 12 13 14 15 17 18 21 24 25
Concurso: 2551 Data: 20/06/2022 Dezenas: 01 02 06 09 10 11 12 14 15 16 18 20 21 22 25
Concurso: 2550 Data: 18/06/2022 Dezenas: 01 02 06 07 09 10 12 13 17 18 20 21 23 24 25
Concurso: 2549 Data: 17/06/2022 Dezenas: 01 02 04 05 06 07 09 11 16 17 19 21 22 24 25
Concurso: 2548 Data: 15/06/2022 Dezenas: 01 02 03 04 05 08 09 11 13 15 16 18 19 23 25
Concurso: 2547 Data: 14/06/2022 Dezenas: 01 02 05 09 10 12 15 16 18 19 21 22 23 24 25
Concurso: 2546 Data: 13/06/2022 Dezenas: 02 04 05 07 08 09 10 11 14 17 20 21 22 24 25
Concurso: 2545 Data: 11/06/2022 Dezenas: 01 02 03 05 07 09 10 13 14 15 16 19 20 21 24
Concurso: 2544 Data: 10/06/2022 Dezenas: 03 05 06 07 08 10 11 12 13 15 18 20 21 23 24
Concurso: 2543 Data: 09/06/2022 Dezenas: 03 05 06 07 08 09 11 12 14 17 18 19 20 24 25
Concurso: 2542 Data: 08/06/2022 Dezenas: 03 05 08 10 12 13 15 16 18 19 20 21 22 24 25
Concurso: 2541 Data: 07/06/2022 Dezenas: 02 04 07 08 11 12 13 14 16 17 18 19 20 22 25
Concurso: 2540 Data: 06/06/2022 Dezenas: 01 03 05 06 07 08 11 12 14 18 20 21 22 23 24
Concurso: 2539 Data: 04/06/2022 Dezenas: 01 03 04 05 06 09 10 13 16 17 18 20 23 24 25
Concurso: 2538 Data: 03/06/2022 Dezenas: 01 02 04 05 06 08 09 13 14 16 17 21 22 24 25
Concurso: 2537 Data: 02/06/2022 Dezenas: 02 04 05 06 07 09 10 12 14 16 18 19 22 23 24
Concurso: 2536 Data: 01/06/2022 Dezenas: 01 02 04 06 09 12 13 15 16 17 18 19 21 23 25
Concurso: 2535 Data: 31/05/2022 Dezenas: 05 06 07 08 11 12 13 14 15 16 18 20 22 24 25
Concurso: 2534 Data: 30/05/2022 Dezenas: 07 08 10 11 12 14 15 16 17 18 20 21 22 23 25
Concurso: 2533 Data: 28/05/2022 Dezenas: 04 07 08 10 11 12 15 16 17 18 19 22 23 24 25
Concurso: 2532 Data: 27/05/2022 Dezenas: 01 02 03 04 06 09 10 12 13 14 16 17 18 22 25
Concurso: 2531 Data: 26/05/2022 Dezenas: 01 02 03 04 05 07 08 11 12 16 17 18 20 21 25
Concurso: 2530 Data: 25/05/2022 Dezenas: 01 02 04 06 07 08 09 11 13 15 21 22 23 24 25
Concurso: 2529 Data: 24/05/2022 Dezenas: 03 05 06 08 09 11 12 13 14 16 18 21 22 24 25
Concurso: 2528 Data: 23/05/2022 Dezenas: 02 03 05 07 08 09 10 11 12 13 15 20 22 23 24
Concurso: 2527 Data: 21/05/2022 Dezenas: 01 02 05 06 09 11 12 13 14 17 18 19 20 21 23
Concurso: 2526 Data: 20/05/2022 Dezenas: 01 02 06 08 11 12 13 14 16 17 19 20 22 23 24
Concurso: 2525 Data: 19/05/2022 Dezenas: 04 06 10 11 12 13 16 17 18 19 20 21 23 24 25
Concurso: 2524 Data: 18/05/2022 Dezenas: 01 02 03 05 06 07 12 14 15 16 19 20 23 24 25
Concurso: 2523 Data: 17/05/2022 Dezenas: 01 04 05 06 07 10 11 12 14 15 17 18 20 23 24
Concurso: 2522 Data: 16/05/2022 Dezenas: 01 02 03 05 09 10 12 13 15 16 18 19 21 22 25
Concurso: 2521 Data: 14/05/2022 Dezenas: 02 03 04 06 07 08 13 14 16 17 18 21 22 24 25
Concurso: 2520 Data: 13/05/2022 Dezenas: 01 02 04 05 06 07 08 10 14 15 16 18 23 24 25
Concurso: 2519 Data: 12/05/2022 Dezenas: 02 03 04 05 08 10 11 12 13 14 18 19 22 24 25
Concurso: 2518 Data: 11/05/2022 Dezenas: 01 02 04 05 06 08 11 13 14 15 20 22 23 24 25
Concurso: 2517 Data: 10/05/2022 Dezenas: 01 02 03 05 06 09 10 12 14 15 16 20 21 23 24
Concurso: 2516 Data: 09/05/2022 Dezenas: 01 02 03 05 07 08 10 11 14 15 16 17 21 22 24
Concurso: 2515 Data: 07/05/2022 Dezenas: 04 05 07 08 09 11 12 14 15 16 19 21 22 24 25
Concurso: 2514 Data: 06/05/2022 Dezenas: 02 03 05 06 07 08 09 12 14 15 16 18 19 21 24
Concurso: 2513 Data: 05/05/2022 Dezenas: 02 03 04 06 07 09 11 12 16 17 19 20 21 23 24
Concurso: 2512 Data: 04/05/2022 Dezenas: 01 02 03 07 09 10 12 14 15 16 18 19 20 21 23
Concurso: 2511 Data: 03/05/2022 Dezenas: 01 03 04 05 06 08 09 11 15 16 18 21 23 24 25
Concurso: 2510 Data: 02/05/2022 Dezenas: 01 02 05 07 11 13 14 16 17 19 20 22 23 24 25
Concurso: 2509 Data: 30/04/2022 Dezenas: 02 03 04 05 09 10 11 12 13 14 19 21 22 23 25
Concurso: 2508 Data: 29/04/2022 Dezenas: 01 02 05 06 07 10 11 12 14 15 17 18 19 20 21
Concurso: 2507 Data: 28/04/2022 Dezenas: 03 04 05 07 08 09 10 11 13 14 15 16 19 20 25
Concurso: 2506 Data: 27/04/2022 Dezenas: 03 04 05 08 09 10 11 14 15 16 18 19 20 22 25
Concurso: 2505 Data: 26/04/2022 Dezenas: 01 02 03 04 06 08 09 10 17 18 19 21 23 24 25
Concurso: 2504 Data: 25/04/2022 Dezenas: 03 05 07 08 12 13 14 15 16 17 20 21 22 23 24
Concurso: 2503 Data: 23/04/2022 Dezenas: 01 02 03 04 06 07 09 10 11 12 13 18 19 20 22
Concurso: 2502 Data: 22/04/2022 Dezenas: 02 03 04 05 09 11 12 13 15 18 20 21 23 24 25
Concurso: 2501 Data: 20/04/2022 Dezenas: 01 02 03 04 05 06 07 08 09 11 19 20 22 23 25
Concurso: 2500 Data: 19/04/2022 Dezenas: 03 04 05 06 09 11 12 13 14 15 17 18 19 21 25
Concurso: 2499 Data: 18/04/2022 Dezenas: 02 03 04 05 07 08 11 12 14 16 17 19 20 22 23
Concurso: 2498 Data: 16/04/2022 Dezenas: 01 02 05 06 07 08 09 11 12 17 18 19 20 22 25
Concurso: 2497 Data: 14/04/2022 Dezenas: 02 06 07 08 09 11 12 14 15 18 19 20 22 23 25
Concurso: 2496 Data: 13/04/2022 Dezenas: 02 03 04 08 09 10 11 13 17 18 20 22 23 24 25
Concurso: 2495 Data: 12/04/2022 Dezenas: 03 05 09 10 12 13 14 15 16 17 18 19 21 24 25
Concurso: 2494 Data: 11/04/2022 Dezenas: 01 02 04 05 06 08 09 10 12 13 16 18 23 24 25
Concurso: 2493 Data: 09/04/2022 Dezenas: 02 03 06 07 09 10 11 12 14 15 16 18 20 21 25
Concurso: 2492 Data: 08/04/2022 Dezenas: 04 07 08 09 10 11 12 13 14 15 17 20 22 23 24
Concurso: 2491 Data: 07/04/2022 Dezenas: 01 02 03 04 05 06 09 11 14 17 18 19 21 22 24
Concurso: 2490 Data: 06/04/2022 Dezenas: 01 03 04 05 06 10 12 13 14 15 16 19 20 24 25
Concurso: 2489 Data: 05/04/2022 Dezenas: 01 04 05 07 08 10 11 13 14 16 18 21 22 23 24
Concurso: 2488 Data: 04/04/2022 Dezenas: 01 02 04 05 06 07 09 11 12 13 16 20 21 22 24
Concurso: 2487 Data: 02/04/2022 Dezenas: 01 02 06 08 10 11 12 13 14 16 18 20 22 23 24
Concurso: 2486 Data: 01/04/2022 Dezenas: 01 02 04 05 08 09 10 11 12 18 19 20 23 24 25
Concurso: 2485 Data: 31/03/2022 Dezenas: 01 02 03 08 10 12 14 15 17 18 20 21 23 24 25
Concurso: 2484 Data: 30/03/2022 Dezenas: 04 05 06 08 10 11 12 14 15 17 19 21 22 23 25
Concurso: 2483 Data: 29/03/2022 Dezenas: 02 03 06 07 08 10 13 14 15 16 19 20 22 23 25
Concurso: 2482 Data: 28/03/2022 Dezenas: 03 05 06 07 09 11 12 13 14 16 17 20 21 24 25
Concurso: 2481 Data: 26/03/2022 Dezenas: 02 03 05 06 07 09 10 13 14 15 17 18 20 21 25
Concurso: 2480 Data: 25/03/2022 Dezenas: 01 02 05 06 07 09 10 12 13 14 15 16 17 21 24
Concurso: 2479 Data: 24/03/2022 Dezenas: 02 03 04 05 07 11 12 14 17 19 20 21 23 24 25
Concurso: 2478 Data: 23/03/2022 Dezenas: 01 05 07 08 10 11 12 14 15 16 21 22 23 24 25
Concurso: 2477 Data: 22/03/2022 Dezenas: 01 02 03 05 07 08 09 10 13 14 15 18 19 20 24
Concurso: 2476 Data: 21/03/2022 Dezenas: 01 06 09 10 11 12 13 15 16 17 18 21 22 23 24
Concurso: 2475 Data: 19/03/2022 Dezenas: 01 03 04 05 06 07 11 13 15 16 18 19 22 24 25
Concurso: 2474 Data: 18/03/2022 Dezenas: 01 02 05 06 08 09 11 14 15 17 19 20 23 24 25
Concurso: 2473 Data: 17/03/2022 Dezenas: 01 04 06 07 08 09 10 14 16 18 19 20 21 23 25
Concurso: 2472 Data: 16/03/2022 Dezenas: 02 03 04 09 10 12 13 15 16 17 21 22 23 24 25
Concurso: 2471 Data: 15/03/2022 Dezenas: 02 03 04 05 08 09 14 17 18 19 20 21 23 24 25
Concurso: 2470 Data: 14/03/2022 Dezenas: 01 03 04 05 06 09 10 11 12 13 21 22 23 24 25
Concurso: 2469 Data: 12/03/2022 Dezenas: 01 02 04 05 06 07 11 13 17 18 19 20 21 24 25
Concurso: 2468 Data: 11/03/2022 Dezenas: 03 04 07 08 09 12 13 17 18 19 20 21 22 23 24
Concurso: 2467 Data: 10/03/2022 Dezenas: 05 06 08 10 11 12 14 15 16 18 20 21 22 23 25
Concurso: 2466 Data: 09/03/2022 Dezenas: 01 02 05 07 08 09 12 13 14 17 19 20 21 24 25
Concurso: 2465 Data: 08/03/2022 Dezenas: 02 05 06 07 08 10 11 13 14 15 17 18 19 21 25
Concurso: 2464 Data: 07/03/2022 Dezenas: 01 05 06 07 09 11 13 16 17 20 21 22 23 24 25
Concurso: 2463 Data: 05/03/2022 Dezenas: 05 07 09 10 11 12 13 14 15 17 18 20 21 23 25
Concurso: 2462 Data: 04/03/2022 Dezenas: 03 04 05 09 10 11 12 14 15 16 17 18 20 22 25
Concurso: 2461 Data: 03/03/2022 Dezenas: 01 02 05 07 10 13 14 15 17 18 19 20 21 22 24
Concurso: 2460 Data: 02/03/2022 Dezenas: 01 02 03 04 05 06 09 11 12 14 15 18 19 23 25
Concurso: 2459 Data: 26/02/2022 Dezenas: 01 03 05 06 11 12 14 15 17 18 19 20 21 23 25
Concurso: 2458 Data: 25/02/2022 Dezenas: 01 02 03 04 06 08 10 11 12 16 18 21 22 24 25
Concurso: 2457 Data: 24/02/2022 Dezenas: 01 03 05 08 10 11 14 15 16 18 20 22 23 24 25
Concurso: 2456 Data: 23/02/2022 Dezenas: 04 05 06 08 09 10 12 13 14 17 18 19 21 24 25
Concurso: 2455 Data: 22/02/2022 Dezenas: 01 02 03 08 10 11 12 13 14 16 19 22 23 24 25
Concurso: 2454 Data: 21/02/2022 Dezenas: 01 02 04 06 08 09 10 12 15 16 20 21 23 24 25
Concurso: 2453 Data: 19/02/2022 Dezenas: 04 05 07 08 10 12 13 16 17 19 21 22 23 24 25
Concurso: 2452 Data: 18/02/2022 Dezenas: 01 06 07 08 09 11 15 17 18 20 21 22 23 24 25
Concurso: 2451 Data: 17/02/2022 Dezenas: 03 04 05 07 09 10 11 15 18 19 20 22 23 24 25
Concurso: 2450 Data: 16/02/2022 Dezenas: 01 02 03 04 05 07 08 11 13 14 15 18 23 24 25
Concurso: 2449 Data: 15/02/2022 Dezenas: 01 02 04 08 09 11 13 14 15 16 17 18 20 21 22
Concurso: 2448 Data: 14/02/2022 Dezenas: 02 03 04 05 06 08 09 11 12 14 16 19 20 22 24
Concurso: 2447 Data: 12/02/2022 Dezenas: 02 03 04 05 08 13 14 15 16 17 18 19 20 22 23
Concurso: 2446 Data: 11/02/2022 Dezenas: 04 06 08 11 12 13 15 17 19 20 21 22 23 24 25
Concurso: 2445 Data: 10/02/2022 Dezenas: 01 02 05 06 07 08 10 11 13 15 18 21 22 23 25
Concurso: 2444 Data: 09/02/2022 Dezenas: 03 04 05 06 08 09 10 11 12 14 16 17 18 19 25
Concurso: 2443 Data: 08/02/2022 Dezenas: 02 03 05 06 07 09 10 14 15 16 17 20 21 22 23
Concurso: 2442 Data: 07/02/2022 Dezenas: 01 06 07 10 11 12 14 15 16 17 18 19 21 22 25
Concurso: 2441 Data: 05/02/2022 Dezenas: 01 03 07 08 09 10 11 13 15 18 20 21 22 24 25
Concurso: 2440 Data: 04/02/2022 Dezenas: 03 04 05 06 08 09 11 14 16 18 20 21 22 24 25
Concurso: 2439 Data: 03/02/2022 Dezenas: 02 05 07 08 09 10 11 13 15 16 17 20 21 23 25
Concurso: 2438 Data: 02/02/2022 Dezenas: 01 04 05 06 08 11 12 13 14 16 18 19 22 23 24
Concurso: 2437 Data: 01/02/2022 Dezenas: 01 02 07 08 09 10 11 13 14 15 17 18 20 21 25
Concurso: 2436 Data: 31/01/2022 Dezenas: 02 03 04 06 08 09 12 14 15 16 17 19 20 21 23
Concurso: 2435 Data: 29/01/2022 Dezenas: 02 04 05 06 07 10 11 12 13 15 16 19 20 21 22
Concurso: 2434 Data: 28/01/2022 Dezenas: 01 04 07 11 13 14 16 17 19 20 21 22 23 24 25
Concurso: 2433 Data: 27/01/2022 Dezenas: 01 03 04 05 06 09 10 11 12 13 15 18 20 21 24
Concurso: 2432 Data: 26/01/2022 Dezenas: 03 05 06 07 08 09 11 12 13 14 15 19 20 21 25
Concurso: 2431 Data: 25/01/2022 Dezenas: 04 06 07 08 09 10 11 12 13 14 17 18 19 22 25
Concurso: 2430 Data: 24/01/2022 Dezenas: 01 04 05 07 08 10 11 12 14 17 18 19 20 21 23
Concurso: 2429 Data: 22/01/2022 Dezenas: 01 04 05 06 08 09 10 11 12 14 15 19 20 21 24
Concurso: 2428 Data: 21/01/2022 Dezenas: 02 05 06 07 09 10 11 12 15 16 17 18 20 24 25
Concurso: 2427 Data: 20/01/2022 Dezenas: 01 03 06 08 11 15 16 17 18 19 20 21 22 23 24
Concurso: 2426 Data: 19/01/2022 Dezenas: 01 02 03 06 07 08 09 11 13 19 20 21 22 23 24
Concurso: 2425 Data: 18/01/2022 Dezenas: 01 03 04 05 06 10 11 13 15 19 20 21 22 24 25
Concurso: 2424 Data: 17/01/2022 Dezenas: 01 03 04 05 06 09 10 11 14 15 16 20 22 23 25
Concurso: 2423 Data: 15/01/2022 Dezenas: 03 04 05 07 08 09 10 11 15 16 17 18 19 20 24
Concurso: 2422 Data: 14/01/2022 Dezenas: 01 02 03 04 05 07 08 10 11 12 14 17 18 22 25
Concurso: 2421 Data: 13/01/2022 Dezenas: 03 04 05 06 07 10 13 14 16 17 19 20 21 22 24
Concurso: 2420 Data: 12/01/2022 Dezenas: 01 03 05 09 10 11 12 13 14 15 18 21 22 24 25
Concurso: 2419 Data: 11/01/2022 Dezenas: 02 03 05 06 10 11 12 13 15 18 19 21 22 23 24
Concurso: 2418 Data: 10/01/2022 Dezenas: 03 04 07 08 11 12 13 14 16 17 18 19 20 23 24
Concurso: 2417 Data: 08/01/2022 Dezenas: 01 04 06 07 08 09 10 11 14 15 17 18 22 23 25
Concurso: 2416 Data: 07/01/2022 Dezenas: 04 05 06 07 11 13 14 15 16 17 18 20 21 22 25
Concurso: 2415 Data: 06/01/2022 Dezenas: 02 06 07 09 10 11 12 13 14 19 20 21 22 23 25
Concurso: 2414 Data: 05/01/2022 Dezenas: 03 04 05 06 07 08 09 10 11 13 16 17 19 21 24
Concurso: 2413 Data: 04/01/2022 Dezenas: 01 03 04 05 06 07 08 09 12 15 16 18 20 21 25
Concurso: 2412 Data: 03/01/2022 Dezenas: 01 04 06 07 08 09 11 13 14 15 17 18 19 21 24
Concurso: 2411 Data: 31/12/2021 Dezenas: 01 02 03 04 05 07 08 09 10 12 13 14 17 19 24
Concurso: 2410 Data: 30/12/2021 Dezenas: 01 02 03 04 07 09 10 13 14 16 17 19 20 22 23
Concurso: 2409 Data: 29/12/2021 Dezenas: 01 02 05 06 07 08 09 10 12 16 19 20 21 22 25
Concurso: 2408 Data: 28/12/2021 Dezenas: 01 03 04 06 08 09 10 11 12 13 16 19 21 22 23
Concurso: 2407 Data: 27/12/2021 Dezenas: 01 02 03 04 06 08 09 11 12 17 18 19 20 23 24
Concurso: 2406 Data: 24/12/2021 Dezenas: 01 02 03 05 06 08 10 12 15 17 20 21 23 24 25
Concurso: 2405 Data: 23/12/2021 Dezenas: 02 03 04 05 06 07 08 09 11 15 17 18 19 21 23
Concurso: 2404 Data: 22/12/2021 Dezenas: 01 02 03 04 05 07 10 11 12 14 15 22 23 24 25
Concurso: 2403 Data: 21/12/2021 Dezenas: 01 04 05 08 10 12 16 17 18 19 20 21 23 24 25
Concurso: 2402 Data: 20/12/2021 Dezenas: 01 02 03 04 05 06 09 10 11 13 14 18 20 23 25
Concurso: 2401 Data: 18/12/2021 Dezenas: 01 04 05 06 07 09 10 11 12 15 16 19 20 22 23
Concurso: 2400 Data: 17/12/2021 Dezenas: 02 03 05 09 10 11 12 13 14 15 16 20 21 23 25
Concurso: 2399 Data: 16/12/2021 Dezenas: 01 02 04 05 07 09 12 14 15 16 17 19 20 21 25
Concurso: 2398 Data: 15/12/2021 Dezenas: 02 03 04 05 06 09 10 12 13 14 15 20 22 23 25
Concurso: 2397 Data: 14/12/2021 Dezenas: 02 04 06 07 09 10 13 14 15 17 18 20 21 22 25
Concurso: 2396 Data: 13/12/2021 Dezenas: 01 03 04 07 10 12 13 16 17 18 20 22 23 24 25
Concurso: 2395 Data: 11/12/2021 Dezenas: 01 02 05 06 07 10 13 14 15 17 18 19 20 23 25
Concurso: 2394 Data: 10/12/2021 Dezenas: 01 04 06 07 09 10 12 17 18 19 20 21 22 23 25
Concurso: 2393 Data: 09/12/2021 Dezenas: 02 03 05 10 11 12 15 16 17 19 20 21 22 23 25
Concurso: 2392 Data: 08/12/2021 Dezenas: 01 02 05 06 08 11 12 13 16 17 18 22 23 24 25
Concurso: 2391 Data: 07/12/2021 Dezenas: 03 04 05 06 08 09 11 12 14 18 19 21 22 24 25
Concurso: 2390 Data: 06/12/2021 Dezenas: 01 02 03 04 05 06 10 11 15 19 20 21 22 23 24
Concurso: 2389 Data: 04/12/2021 Dezenas: 04 05 06 08 09 10 11 12 18 19 21 22 23 24 25
Concurso: 2388 Data: 03/12/2021 Dezenas: 03 04 05 07 08 09 10 12 13 15 16 17 19 23 25
Concurso: 2387 Data: 02/12/2021 Dezenas: 02 04 05 08 09 10 12 16 17 19 20 21 22 24 25
Concurso: 2386 Data: 01/12/2021 Dezenas: 02 03 06 07 08 10 12 13 14 15 16 17 18 23 24
Concurso: 2385 Data: 30/11/2021 Dezenas: 01 02 03 05 10 11 12 13 16 17 18 21 22 23 24
Concurso: 2384 Data: 29/11/2021 Dezenas: 01 03 04 05 07 09 10 11 13 15 16 18 20 22 24
Concurso: 2383 Data: 27/11/2021 Dezenas: 01 02 03 07 09 11 12 13 14 15 16 18 20 22 24
Concurso: 2382 Data: 26/11/2021 Dezenas: 01 02 03 04 05 06 07 09 10 11 14 15 19 21 24
Concurso: 2381 Data: 25/11/2021 Dezenas: 01 02 05 08 09 10 11 14 15 18 19 20 23 24 25
Concurso: 2380 Data: 24/11/2021 Dezenas: 01 03 05 06 07 09 10 11 13 14 15 17 21 22 24
Concurso: 2379 Data: 23/11/2021 Dezenas: 01 02 03 05 07 08 09 11 12 15 16 20 23 24 25
Concurso: 2378 Data: 22/11/2021 Dezenas: 01 02 03 04 05 10 12 14 15 16 17 21 23 24 25
Concurso: 2377 Data: 20/11/2021 Dezenas: 01 02 03 04 05 06 08 09 10 12 14 18 19 20 24
Concurso: 2376 Data: 19/11/2021 Dezenas: 01 02 04 06 08 09 14 15 16 17 19 21 22 23 24
Concurso: 2375 Data: 18/11/2021 Dezenas: 04 05 08 11 12 13 14 17 18 19 20 21 22 23 25
Concurso: 2374 Data: 17/11/2021 Dezenas: 01 03 05 07 09 10 14 15 16 17 20 21 22 23 25
Concurso: 2373 Data: 16/11/2021 Dezenas: 02 03 04 05 06 07 08 10 13 14 15 17 21 24 25
Concurso: 2372 Data: 13/11/2021 Dezenas: 01 02 04 05 07 08 11 13 14 15 19 20 21 22 24
Concurso: 2371 Data: 12/11/2021 Dezenas: 03 05 06 08 11 12 13 14 15 19 21 22 23 24 25
Concurso: 2370 Data: 11/11/2021 Dezenas: 01 07 08 09 10 11 12 13 14 16 19 20 21 24 25
Concurso: 2369 Data: 10/11/2021 Dezenas: 02 03 05 08 09 10 11 12 13 14 15 22 23 24 25
Concurso: 2368 Data: 09/11/2021 Dezenas: 02 03 04 07 08 09 10 11 12 14 16 18 19 22 23
Concurso: 2367 Data: 08/11/2021 Dezenas: 02 03 05 08 09 10 11 12 14 16 17 19 22 23 25
Concurso: 2366 Data: 06/11/2021 Dezenas: 01 03 05 07 10 11 13 15 16 18 19 20 21 22 25
Concurso: 2365 Data: 05/11/2021 Dezenas: 02 07 08 09 11 14 15 16 17 18 20 21 22 23 25
Concurso: 2364 Data: 04/11/2021 Dezenas: 01 05 06 07 08 09 10 11 13 15 16 17 18 22 24
Concurso: 2363 Data: 03/11/2021 Dezenas: 01 02 03 04 08 11 12 13 14 15 20 21 22 24 25
Concurso: 2362 Data: 01/11/2021 Dezenas: 01 04 06 07 08 10 11 12 14 18 19 21 22 24 25
Concurso: 2361 Data: 30/10/2021 Dezenas: 03 04 05 07 10 12 13 14 16 18 19 21 22 23 24
Concurso: 2360 Data: 29/10/2021 Dezenas: 03 05 06 08 11 12 13 15 17 18 19 21 22 23 25
Concurso: 2359 Data: 28/10/2021 Dezenas: 03 04 05 06 07 12 14 15 17 19 20 21 22 23 24
Concurso: 2358 Data: 27/10/2021 Dezenas: 04 05 06 07 08 11 12 14 15 16 17 20 23 24 25
Concurso: 2357 Data: 26/10/2021 Dezenas: 01 02 04 06 07 08 09 10 12 13 14 20 23 24 25
Concurso: 2356 Data: 25/10/2021 Dezenas: 03 05 06 07 08 09 10 13 16 18 19 20 21 22 25
Concurso: 2355 Data: 23/10/2021 Dezenas: 02 03 04 05 06 08 09 10 11 12 18 19 20 21 25
Concurso: 2354 Data: 22/10/2021 Dezenas: 01 02 05 06 09 10 11 12 13 16 17 18 19 20 21
Concurso: 2353 Data: 21/10/2021 Dezenas: 01 02 03 07 08 12 13 14 15 16 18 20 23 24 25
Concurso: 2352 Data: 20/10/2021 Dezenas: 03 04 07 08 11 12 15 16 17 18 20 22 23 24 25
Concurso: 2351 Data: 19/10/2021 Dezenas: 01 03 04 05 06 07 08 09 10 12 14 15 20 23 24
Concurso: 2350 Data: 18/10/2021 Dezenas: 02 03 04 05 06 07 08 09 10 15 17 19 21 22 25
Concurso: 2349 Data: 16/10/2021 Dezenas: 02 05 06 09 10 11 12 15 16 17 18 20 21 22 23
Concurso: 2348 Data: 15/10/2021 Dezenas: 01 02 05 08 09 11 13 14 15 17 19 20 22 23 24
Concurso: 2347 Data: 14/10/2021 Dezenas: 02 03 05 06 08 09 11 13 15 16 17 19 21 24 25
Concurso: 2346 Data: 13/10/2021 Dezenas: 01 04 05 08 10 11 12 14 16 17 18 19 21 22 25
Concurso: 2345 Data: 11/10/2021 Dezenas: 03 06 07 09 10 11 12 14 16 17 19 20 23 24 25
Concurso: 2344 Data: 09/10/2021 Dezenas: 01 03 04 06 07 09 10 11 12 13 16 17 19 20 21
Concurso: 2343 Data: 08/10/2021 Dezenas: 01 02 05 09 12 15 16 17 18 19 20 22 23 24 25
Concurso: 2342 Data: 07/10/2021 Dezenas: 01 02 03 04 09 10 13 15 16 18 19 20 21 22 25
Concurso: 2341 Data: 06/10/2021 Dezenas: 02 04 05 07 09 11 12 14 15 19 20 21 22 24 25
Concurso: 2340 Data: 05/10/2021 Dezenas: 02 05 07 08 09 11 12 13 14 17 18 20 22 23 25
